74, N, 94, 3
23, n, 97, 78
9, h, 76, 82
98, l, 40, 61
91, U, 48, 28
82, E, 59, 35
56, v, 65, 73
85, t, 72, 8
84, t, 73, 46
30, U, 46, 18
60, y, 60, 24
69, f, 71, 93
95, Z, 79, 98
44, o, 59, 22
83, q, 90, 54
58, W, 38, 17
71, q, 9, 94
59, I, 97, 31
29, d, 16, 32
15, I, 43, 94
8, I, 30, 92
69, J, 53, 86
80, e, 13, 16
45, L, 27, 43
29, S, 58, 16
37, I, 52, 73
55, D, 83, 31
21, P, 57, 43
67, m, 3, 69
45, j, 90, 90
8, K, 21, 85
23, g, 13, 25
8, E, 76, 22
38, s, 81, 67
86, a, 24, 34
80, t, 48, 2
66, h, 84, 57
43, c, 80, 58
20, x, 63, 40
78, I, 97, 45
94, y, 30, 59
85, j, 48, 52
63, y, 44, 98
7, E, 48, 64
82, g, 54, 85
29, u, 89, 5
89, H, 79, 88
61, a, 27, 50
64, F, 79, 13
18, x, 39, 91
92, E, 65, 1
25, U, 35, 1
17, Z, 40, 51
10, n, 4, 5
56, H, 70, 7
35, w, 73, 78
80, W, 47, 95
29, I, 54, 74
42, z, 20, 25
26, Z, 90, 10
4, j, 49, 53
49, e, 80, 8
44, Y, 21, 97
57, D, 99, 12
28, X, 78, 58
83, x, 85, 87
97, L, 53, 98
65, f, 39, 19
74, B, 46, 1
65, K, 90, 19
43, m, 83, 4
70, t, 7, 37
34, I, 44, 70
16, K, 78, 57
88, O, 48, 45
56, p, 91, 86
13, h, 52, 5
55, a, 40, 35
84, G, 62, 65
77, V, 3, 76
1, w, 83, 73
67, f, 84, 49
39, L, 0, 13
35, L, 25, 38
68, s, 82, 14
62, H, 69, 29
23, N, 31, 9
57, Y, 58, 32
42, Q, 7, 48
22, b, 93, 36
86, r, 52, 4
0, j, 99, 28
46, e, 31, 53
89, i, 58, 17
71, i, 64, 70
11, k, 56, 30
78, j, 77, 15
71, l, 36, 97
9, b, 22, 80
37, i, 3, 86
11, t, 78, 20
83, Y, 31, 97
75, H, 42, 46
15, E, 70, 64
8, l, 45, 54
32, K, 40, 93
8, v, 41, 97
0, x, 29, 18
3, j, 22, 27
84, X, 35, 59
29, l, 14, 34
64, I, 69, 47
100, v, 66, 91
29, T, 48, 65
90, Y, 28, 37
58, G, 50, 24
47, i, 4, 53
6, s, 80, 22
49, A, 41, 2
80, J, 92, 82
60, H, 36, 78
30, Q, 42, 39
99, t, 66, 73
49, U, 4, 83
33, o, 55, 38
27, D, 23, 1
81, f, 91, 43
64, P, 70, 49
54, w, 36, 81
29, d, 25, 4
98, c, 60, 35
63, R, 91, 16
57, h, 12, 56
56, m, 39, 43
30, H, 68, 51
80, o, 25, 84
5, y, 99, 14
39, H, 50, 35
14, l, 6, 98
89, d, 60, 77
39, R, 17, 64
91, p, 21, 9
0, z, 54, 88
39, U, 38, 94
2, D, 11, 39
9, s, 93, 89
28, s, 49, 88
16, H, 86, 87
60, o, 87, 19
51, y, 13, 40
13, f, 78, 44
12, c, 70, 87
79, s, 60, 92
81, e, 39, 60
75, D, 15, 89
64, Z, 91, 38
92, c, 17, 92
60, B, 2, 37
24, G, 77, 21
65, x, 24, 43
1, j, 16, 8
52, T, 66, 89
26, V, 18, 63
60, p, 91, 11
89, F, 50, 86
27, z, 59, 80
29, z, 100, 77
55, F, 15, 43
42, g, 27, 72
64, S, 23, 40
49, i, 30, 79
74, N, 91, 4
32, G, 49, 5
76, Q, 67, 64
31, z, 56, 0
67, f, 45, 55
35, N, 95, 86
80, k, 45, 42
39, N, 79, 58
65, V, 13, 16
64, L, 47, 94
62, v, 2, 90
58, Y, 4, 78
8, I, 87, 77
84, S, 98, 17
23, v, 17, 40
68, R, 2, 79
93, X, 0, 94
21, f, 17, 57
96, p, 28, 4
22, K, 98, 83
34, G, 56, 60
82, a, 92, 71
51, Z, 42, 28
94, B, 45, 75
79, R, 61, 87
14, r, 85, 2
55, e, 36, 46
60, D, 1, 37
16, n, 78, 60
39, o, 79, 80
51, L, 5, 24
92, U, 8, 11
38, E, 73, 8
33, C, 58, 73
1, x, 52, 20
69, b, 22, 86
57, e, 60, 74
2, Q, 1, 11
20, p, 22, 33
64, D, 63, 10
33, u, 98, 40
4, D, 21, 84
22, Q, 37, 12
15, M, 72, 39
69, l, 3, 65
76, V, 65, 61
77, V, 74, 8
29, c, 57, 50
89, Z, 24, 27
83, q, 75, 86
22, i, 80, 57
18, D, 90, 45
49, y, 84, 20
76, C, 39, 93
55, A, 53, 65
4, r, 34, 67
68, r, 1, 45
5, M, 54, 73
58, G, 94, 7
52, D, 48, 49
54, h, 15, 46
34, T, 42, 97
75, O, 7, 46
31, r, 19, 68
87, w, 21, 68
75, B, 89, 35
68, a, 87, 10
28, L, 89, 23
14, e, 77, 24
17, l, 45, 11
83, o, 21, 19
9, u, 36, 17
12, z, 9, 0
85, q, 7, 52
51, I, 22, 7
55, Q, 95, 61
85, M, 71, 23
71, j, 34, 36
9, c, 30, 81
52, L, 46, 92
26, x, 93, 88
8, G, 100, 4
76, u, 67, 54
83, j, 71, 50
78, B, 94, 63
12, I, 10, 23
37, O, 54, 37
91, E, 13, 33
72, n, 35, 88
9, z, 72, 82
34, f, 61, 53
37, i, 89, 95
32, P, 28, 1
34, G, 7, 19
49, I, 53, 56
81, N, 41, 80
50, g, 61, 44
9, m, 91, 100
92, u, 65, 28
77, w, 22, 57
37, i, 47, 96
37, Q, 40, 81
51, L, 6, 8
71, Y, 19, 56
55, A, 74, 88
95, g, 36, 44
69, X, 90, 31
14, O, 1, 90
55, I, 89, 99
32, z, 13, 60
36, i, 42, 29
57, g, 9, 56
12, b, 18, 42
33, I, 92, 81
68, v, 85, 90
33, Q, 73, 22
72, p, 1, 15
23, o, 54, 42
20, z, 46, 28
77, r, 45, 68
64, c, 100, 78
84, c, 2, 67
94, j, 51, 24
56, u, 52, 54
73, w, 81, 36
69, t, 8, 21
88, t, 6, 67
41, q, 26, 53
32, l, 92, 46
31, a, 18, 58
82, T, 50, 6
68, z, 6, 78
23, a, 22, 59
44, l, 14, 71
7, I, 85, 13
50, f, 55, 58
13, u, 13, 80
36, p, 64, 83
24, M, 53, 83
53, K, 23, 14
75, y, 13, 41
95, q, 81, 80
49, k, 24, 70
21, t, 76, 49
24, Q, 68, 98
75, g, 92, 75
91, F, 79, 31
68, P, 12, 36
42, y, 25, 50
3, y, 83, 23
40, F, 43, 78
79, n, 17, 82
58, b, 50, 23
1, E, 12, 36
17, k, 82, 11
15, c, 61, 22
69, U, 19, 100
24, T, 45, 31
81, z, 96, 70
83, w, 18, 31
57, v, 27, 51
16, S, 96, 85
55, o, 16, 5
1, F, 63, 18
98, N, 61, 85
5, b, 99, 13
33, O, 72, 6
51, F, 35, 16
69, J, 80, 93
4, T, 89, 1
82, H, 100, 82
84, s, 52, 26
53, C, 47, 81
28, I, 75, 34
54, y, 99, 96
7, a, 52, 53
83, e, 2, 63
83, V, 56, 89
27, O, 54, 18
69, U, 4, 14
49, E, 65, 87
24, r, 1, 29
90, V, 45, 68
35, L, 97, 76
23, o, 81, 89
50, P, 70, 82
13, U, 2, 96
25, m, 75, 96
67, z, 66, 15
45, Z, 90, 36
74, B, 35, 91
3, y, 19, 56
81, U, 72, 60
75, z, 73, 47
22, l, 84, 76
95, y, 15, 78
40, V, 82, 71
25, K, 96, 95
85, L, 2, 62
63, f, 18, 80
63, N, 59, 25
61, p, 86, 62
94, X, 32, 71
1, g, 54, 96
73, Y, 90, 77
71, I, 24, 94
56, t, 63, 1
24, c, 7, 31
63, C, 71, 85
99, y, 18, 16
20, x, 61, 89
54, A, 70, 63
41, V, 4, 60
90, Q, 1, 50
22, z, 34, 50
93, I, 46, 63
74, G, 56, 83
10, O, 1, 96
99, V, 12, 99
48, K, 50, 22
80, t, 68, 44
59, R, 67, 86
72, f, 33, 60
54, p, 60, 97
19, H, 29, 52
23, q, 91, 80
57, f, 82, 92
13, x, 2, 42
22, R, 45, 59
45, O, 19, 93
30, t, 78, 70
33, f, 54, 77
10, v, 33, 80
32, Z, 54, 77
5, X, 49, 90
53, W, 100, 99
30, v, 82, 70
89, I, 43, 88
36, e, 53, 3
89, x, 28, 92
59, u, 87, 36
20, J, 56, 24
65, u, 33, 12
18, y, 30, 97
78, v, 19, 17
93, r, 77, 33
18, z, 12, 95
42, Z, 12, 74
77, n, 4, 21
43, B, 73, 89
85, I, 15, 76
67, D, 51, 92
39, W, 27, 67
76, y, 67, 79
64, Y, 76, 86
22, B, 77, 93
40, Y, 16, 24
64, J, 64, 91
3, B, 95, 96
49, L, 96, 46
32, u, 94, 9
84, p, 6, 29
65, I, 60, 36
0, u, 16, 9
71, W, 63, 73
43, l, 79, 5
22, G, 70, 50
6, b, 63, 50
47, S, 38, 95
60, U, 19, 51
96, M, 83, 91
76, e, 53, 0
61, Y, 36, 30
8, V, 0, 4
41, l, 89, 30
23, b, 58, 43
30, V, 20, 40
65, w, 64, 61
88, w, 20, 36
60, s, 19, 39
45, V, 11, 33
14, u, 56, 38
31, h, 70, 19
26, S, 6, 11
25, v, 70, 92
49, v, 20, 75
63, K, 95, 74
91, o, 73, 88
5, O, 22, 30
92, V, 31, 58
13, j, 16, 24
81, X, 77, 59
52, K, 79, 92
44, Z, 25, 72
95, T, 78, 13
51, i, 40, 25
51, O, 78, 71
13, x, 0, 100
65, D, 19, 85
54, a, 53, 85
69, N, 63, 15
55, p, 16, 19
10, G, 47, 39
94, Q, 5, 23
61, h, 3, 70
78, z, 12, 97
100, d, 93, 21
78, m, 64, 1
77, K, 89, 39
9, T, 17, 10
2, D, 12, 20
61, S, 86, 57
39, M, 57, 4
38, K, 52, 86
0, H, 46, 61
22, Q, 22, 56
29, l, 87, 7
98, z, 19, 91
91, M, 9, 4
82, C, 88, 57
76, M, 61, 74
38, V, 53, 36
80, G, 50, 71
13, y, 18, 78
89, z, 95, 30
80, c, 25, 54
96, E, 67, 12
96, P, 67, 82
14, H, 70, 38
65, M, 67, 17
17, d, 21, 94
29, e, 9, 25
28, F, 72, 54
54, K, 23, 24
7, D, 70, 31
8, d, 97, 10
12, M, 62, 4
38, R, 22, 5
97, g, 88, 53
95, r, 8, 19
7, I, 26, 2
7, q, 60, 42
59, G, 23, 40
75, W, 56, 80
23, v, 57, 88
48, b, 93, 43
92, c, 81, 71
60, Y, 33, 59
48, q, 61, 64
83, l, 84, 62
10, U, 75, 58
78, q, 87, 13
36, T, 15, 1
39, T, 29, 42
22, r, 66, 96
66, e, 27, 5
59, v, 12, 100
5, J, 5, 24
42, Z, 80, 88
5, K, 38, 68
63, u, 25, 13
57, K, 21, 32
5, f, 16, 99
65, K, 53, 67
77, Z, 83, 6
25, a, 23, 30
37, u, 69, 90
5, G, 24, 86
96, D, 37, 49
51, q, 94, 31
8, M, 0, 76
76, y, 24, 4
37, I, 52, 17
13, S, 69, 54
67, T, 46, 86
27, p, 3, 7
93, F, 54, 26
80, Q, 53, 52
87, t, 96, 76
25, F, 57, 15
85, N, 44, 81
62, A, 83, 2
14, y, 60, 9
31, C, 93, 86
94, Z, 94, 46
15, H, 19, 49
86, B, 53, 70
46, M, 60, 20
52, T, 39, 20
95, d, 93, 41
61, b, 71, 84
78, P, 35, 37
88, C, 19, 42
48, y, 48, 30
80, G, 72, 29
39, y, 32, 30
14, h, 20, 14
42, g, 69, 54
3, l, 21, 36
77, u, 51, 41
47, S, 77, 3
35, i, 57, 29
98, h, 70, 100
19, N, 80, 48
17, y, 94, 95
13, y, 97, 69
85, c, 59, 78
22, M, 61, 69
31, e, 4, 52
32, n, 48, 94
11, M, 47, 33
74, t, 33, 100
17, K, 59, 77
25, l, 0, 33
63, T, 84, 51
63, S, 10, 1
57, U, 57, 83
77, U, 31, 30
49, k, 6, 65
92, e, 67, 98
33, U, 86, 31
3, p, 24, 3
46, Q, 55, 38
50, u, 84, 88
55, k, 80, 80
57, Z, 51, 97
66, g, 93, 32
26, x, 91, 47
93, M, 55, 73
96, f, 8, 69
88, R, 94, 38
42, f, 89, 29
15, L, 24, 95
84, e, 50, 34
7, l, 71, 37
19, H, 14, 53
42, K, 97, 17
54, U, 56, 55
41, p, 86, 89
46, v, 87, 35
8, f, 35, 33
82, v, 73, 42
45, d, 12, 50
99, V, 97, 72
35, p, 48, 35
33, x, 10, 14
50, f, 55, 15
71, I, 99, 16
4, f, 91, 89
55, M, 41, 22
79, Y, 52, 77
85, g, 14, 36
57, g, 24, 54
3, z, 38, 45
19, H, 100, 59
90, j, 39, 64
63, b, 94, 78
85, u, 60, 56
35, R, 64, 30
77, B, 5, 66
52, j, 95, 50
15, x, 15, 83
38, v, 11, 86
1, W, 13, 87
9, Y, 68, 47
84, a, 25, 97
97, F, 68, 40
72, z, 36, 35
67, B, 46, 98
2, u, 88, 84
60, X, 33, 41
79, p, 80, 22
14, v, 100, 81
46, S, 60, 3
74, S, 90, 20
20, s, 12, 32
73, J, 73, 9
92, s, 16, 31
49, b, 92, 51
40, U, 20, 77
84, k, 14, 6
0, v, 51, 63
16, c, 34, 96
22, p, 53, 55
0, r, 6, 26
53, H, 41, 81
70, S, 86, 16
33, O, 75, 57
13, R, 61, 15
26, F, 50, 6
49, M, 88, 18
19, w, 42, 63
50, x, 47, 91
12, Y, 39, 51
55, I, 21, 87
8, i, 11, 57
12, J, 82, 3
96, c, 90, 27
66, c, 0, 17
48, D, 82, 58
77, b, 4, 62
25, G, 6, 87
48, l, 23, 48
6, L, 97, 9
45, u, 83, 31
11, H, 18, 76
48, X, 54, 29
64, G, 4, 9
7, e, 47, 45
52, u, 22, 78
51, r, 54, 6
35, H, 45, 70
82, l, 51, 79
76, t, 0, 54
88, D, 67, 67
41, S, 93, 47
30, T, 20, 52
19, A, 90, 52
90, G, 3, 74
93, Z, 82, 70
68, d, 14, 7
32, f, 22, 1
27, E, 18, 100
56, P, 76, 89
70, y, 52, 96
19, c, 88, 20
34, o, 84, 86
84, u, 79, 81
3, j, 69, 9
87, T, 12, 80
27, a, 73, 31
76, m, 21, 66
41, I, 87, 98
88, V, 85, 79
45, B, 70, 47
42, T, 61, 68
83, F, 88, 1
89, i, 91, 36
64, J, 21, 25
72, R, 73, 25
44, s, 72, 10
12, r, 1, 71
19, j, 61, 60
61, x, 41, 98
57, q, 100, 19
97, x, 48, 87
62, C, 58, 94
94, g, 64, 26
12, k, 23, 78
97, p, 94, 0
87, M, 86, 90
42, Y, 74, 91
58, P, 43, 34
43, b, 55, 16
9, i, 32, 61
96, B, 97, 25
66, O, 98, 40
46, m, 0, 67
9, W, 76, 0
21, p, 82, 47
22, d, 75, 58
91, N, 96, 23
13, o, 6, 91
0, I, 2, 26
90, o, 0, 95
85, o, 96, 58
36, T, 83, 34
86, I, 81, 5
71, S, 46, 32
27, F, 88, 85
9, x, 95, 66
75, L, 82, 1
66, t, 78, 79
23, f, 91, 59
14, q, 30, 3
91, g, 68, 21
17, X, 21, 68
12, x, 92, 13
63, s, 4, 72
22, B, 66, 63
38, L, 52, 100
16, S, 37, 54
47, U, 44, 9
55, Y, 52, 44
26, p, 24, 25
6, Y, 47, 99
55, C, 41, 46
80, A, 92, 30
14, H, 10, 72
67, v, 61, 48
93, F, 13, 67
32, Z, 90, 0
63, s, 20, 39
60, M, 87, 82
14, r, 14, 83
22, F, 33, 90
14, j, 96, 30
91, c, 93, 43
19, X, 1, 40
62, X, 21, 36
26, W, 86, 72
24, R, 77, 17
7, f, 27, 32
37, K, 75, 85
26, n, 46, 48
91, u, 76, 24
43, O, 18, 86
28, s, 77, 18
90, j, 45, 39
53, Q, 67, 18
45, G, 40, 53
57, T, 98, 64
97, H, 80, 9
11, Z, 49, 18
34, T, 69, 68
19, W, 99, 54
95, i, 59, 30
85, z, 40, 52
63, z, 52, 52
25, m, 63, 8
34, D, 22, 63
54, W, 61, 57
66, p, 58, 31
43, W, 12, 80
55, I, 35, 14
46, O, 55, 75
49, K, 83, 59
75, J, 83, 62
90, G, 83, 23
48, o, 61, 69
86, N, 33, 95
16, t, 79, 77
86, n, 64, 35
52, g, 5, 31
69, i, 32, 93
49, u, 52, 4
85, U, 99, 97
76, M, 45, 8
59, H, 62, 33
26, o, 79, 79
20, G, 77, 41
91, P, 16, 72
79, G, 53, 42
48, r, 54, 90
4, U, 51, 32
80, n, 61, 84
45, U, 65, 56
9, E, 74, 68
44, m, 96, 55
21, S, 47, 59
52, P, 46, 3
7, I, 91, 88
7, r, 99, 19
22, p, 6, 42
53, Q, 83, 69
47, x, 66, 50
48, q, 60, 80
34, H, 31, 71
43, Z, 39, 37
59, G, 32, 100
93, Y, 7, 51
71, M, 42, 76
40, e, 18, 35
20, s, 16, 0
70, N, 91, 82
62, K, 69, 51
36, G, 18, 90
48, s, 99, 47
55, d, 6, 5
92, r, 41, 31
87, O, 0, 15
28, Q, 45, 78
20, a, 60, 26
82, d, 76, 53
70, L, 87, 89
41, D, 82, 45
36, o, 99, 75
46, P, 4, 71
34, Z, 44, 25
59, S, 12, 6
26, a, 41, 27
42, x, 49, 1
9, R, 26, 81
59, U, 39, 0
9, p, 37, 96
31, w, 33, 99
77, u, 61, 84
50, b, 4, 24
88, s, 69, 12
22, f, 9, 29
24, K, 5, 70
23, l, 5, 41
19, V, 100, 100
87, d, 73, 48
45, O, 20, 43
67, I, 0, 46
51, L, 94, 53
42, i, 75, 40
18, g, 56, 70
65, o, 61, 33
12, T, 68, 88
93, C, 93, 5
21, T, 85, 33
82, s, 97, 1
5, Y, 57, 23
87, a, 17, 25
77, r, 15, 57
84, p, 8, 66
60, w, 30, 30
33, V, 44, 43
51, f, 12, 86
84, X, 22, 28
13, z, 50, 17
25, A, 59, 47
37, S, 88, 17
20, G, 38, 94
0, c, 67, 40
20, E, 96, 84
0, H, 55, 31
98, H, 93, 88
7, g, 79, 38
83, E, 8, 79
25, n, 74, 42
3, T, 70, 38
93, k, 21, 81
12, W, 25, 61
48, U, 98, 17
28, p, 46, 43
69, M, 73, 45
19, u, 24, 42
96, c, 53, 91
40, E, 3, 17
27, X, 15, 47
63, j, 10, 2
34, N, 100, 15
69, d, 22, 16
55, A, 2, 57
66, V, 89, 25
73, y, 100, 10
61, W, 72, 61
19, Y, 59, 91
3, c, 47, 15
32, o, 5, 83
67, h, 95, 35
55, h, 55, 76
95, E, 54, 62
25, y, 93, 56
50, g, 54, 83
40, G, 26, 51
74, n, 86, 0
57, h, 22, 73
26, o, 34, 78
57, b, 27, 30
60, F, 54, 59
39, L, 26, 67
78, k, 85, 89
19, t, 14, 23
57, U, 50, 93
51, d, 32, 43
69, D, 63, 48
46, i, 33, 41
74, D, 91, 64
92, y, 71, 68
57, k, 75, 62
1, Q, 31, 47
35, A, 0, 97
56, G, 49, 58
46, z, 89, 1
46, z, 74, 8
64, R, 31, 95
59, h, 86, 52
71, t, 35, 79
74, f, 2, 93
72, T, 41, 89
39, j, 71, 54
90, m, 78, 66
51, E, 12, 25
61, m, 53, 87
47, B, 69, 36
69, R, 26, 61
70, i, 23, 68
5, o, 32, 42
7, g, 8, 84
44, b, 66, 87
53, N, 51, 82
87, x, 95, 30
26, S, 42, 48
10, a, 27, 19
10, D, 2, 36
34, c, 96, 71
17, l, 77, 97
22, K, 60, 17
53, Q, 86, 92
99, U, 73, 41
3, I, 75, 61
71, R, 5, 90
96, C, 59, 41
62, f, 11, 60
33, c, 55, 72
45, C, 9, 26
11, E, 54, 42
5, s, 55, 48
17, q, 65, 98
100, M, 0, 52
40, B, 57, 48
32, a, 29, 44
20, F, 97, 72
11, k, 40, 10
11, T, 46, 75
10, L, 25, 50
47, F, 15, 85
79, i, 22, 86
91, W, 83, 20
53, h, 51, 99
37, i, 15, 65
41, U, 74, 37
85, y, 50, 15
54, B, 81, 38
20, l, 67, 16
20, u, 19, 59
77, X, 62, 69
20, f, 62, 85
81, Q, 40, 56
90, r, 20, 31
63, V, 75, 98
86, K, 100, 45
33, a, 99, 90
23, m, 4, 5
22, N, 73, 29
60, f, 18, 8
63, f, 50, 50
68, A, 88, 4
54, z, 84, 62
71, d, 62, 40
92, l, 32, 83
22, g, 92, 50
49, F, 48, 20
11, a, 86, 71
4, K, 17, 30
14, w, 64, 79
8, i, 35, 54
74, b, 93, 73
46, r, 40, 62
32, u, 29, 23
44, c, 51, 23
98, V, 17, 60
25, m, 66, 13
70, H, 61, 99
78, Z, 92, 33
90, F, 91, 75
10, i, 4, 12
71, g, 19, 99
90, e, 37, 8
78, z, 55, 7
89, q, 24, 93
77, T, 20, 83
38, H, 81, 79
32, Z, 67, 24
8, F, 33, 95
68, e, 39, 92
43, Y, 19, 20
82, C, 98, 63
3, R, 99, 18
91, Y, 88, 12
89, N, 44, 30
82, x, 5, 53
9, M, 56, 16
78, U, 73, 69
32, O, 15, 14
25, i, 96, 77
94, W, 7, 26
66, o, 72, 89
63, k, 90, 50
66, i, 79, 57
37, p, 33, 60
91, Z, 45, 78
49, W, 32, 95
54, R, 70, 62
4, p, 13, 86
3, v, 69, 40
47, K, 83, 21
24, O, 45, 66
36, c, 47, 77
40, X, 8, 39
48, c, 12, 11
94, f, 70, 7
72, p, 33, 23
2, d, 91, 39
6, L, 18, 16
57, k, 6, 70
97, L, 9, 55
73, p, 71, 29
66, h, 9, 41
82, x, 60, 42
18, t, 31, 28
82, W, 70, 17
96, B, 27, 95
33, m, 26, 9
0, m, 94, 96
31, j, 68, 77
31, V, 78, 70
13, A, 6, 0
59, m, 84, 76
79, F, 82, 58
15, c, 81, 49
13, c, 65, 26
62, s, 93, 91
61, j, 72, 60
58, m, 36, 50
46, l, 9, 44
68, C, 73, 100
40, S, 13, 27
86, f, 76, 14
87, q, 2, 55
77, I, 43, 18
17, W, 86, 3
35, f, 81, 31
95, x, 85, 3
54, D, 3, 80
32, U, 87, 63
7, M, 20, 49
36, q, 79, 53
11, U, 48, 57
97, U, 40, 16
44, f, 44, 18
59, c, 74, 61
90, l, 41, 51
18, Z, 65, 96
42, l, 28, 77
99, S, 45, 24
81, v, 68, 1
91, A, 94, 91
8, N, 16, 76
54, b, 44, 92
56, l, 18, 73
82, t, 16, 29
55, X, 7, 77
29, D, 98, 100
13, U, 93, 19
54, M, 62, 25
63, b, 42, 17
49, E, 82, 2
34, S, 34, 93
16, o, 0, 83
94, R, 98, 16
66, L, 45, 86
30, m, 72, 48
46, P, 59, 84
92, f, 67, 86
24, G, 3, 2
3, U, 63, 31
30, d, 19, 78
92, i, 47, 12
69, w, 13, 71
80, E, 24, 69
53, b, 9, 94
77, r, 80, 57
0, O, 61, 91
79, j, 15, 41
97, v, 87, 46
66, h, 21, 3
98, n, 13, 19
92, H, 12, 34
78, w, 56, 14
31, b, 18, 72
75, Q, 17, 56
11, Q, 89, 19
33, X, 81, 51
33, r, 80, 57
49, E, 43, 53
19, F, 48, 4
51, h, 2, 31
83, E, 72, 43
96, z, 89, 76
97, G, 8, 6
77, X, 98, 29
91, p, 99, 68
70, P, 69, 2
4, j, 20, 52
88, a, 17, 37
90, s, 53, 27
96, b, 12, 70
85, w, 86, 47
30, i, 83, 35
76, e, 82, 93
82, B, 72, 11
50, f, 4, 15
13, U, 69, 27
10, k, 98, 68
69, S, 11, 31
87, u, 2, 72
88, H, 55, 37
29, b, 78, 8
2, X, 6, 25
12, T, 55, 52
20, v, 70, 20
28, L, 81, 41
4, u, 16, 77
40, i, 56, 61
36, R, 16, 50
25, U, 73, 19
27, L, 88, 63
9, q, 71, 19
35, v, 42, 37
99, g, 62, 8
26, F, 20, 41
2, N, 9, 78
32, U, 83, 84
78, z, 31, 49
22, L, 39, 82
85, p, 63, 26
80, t, 27, 84
37, L, 42, 69
68, p, 6, 58
88, h, 65, 47
7, z, 45, 7
17, u, 85, 4
73, o, 50, 39
67, l, 47, 93
25, B, 45, 10
47, i, 42, 25
71, I, 24, 23
38, U, 16, 72
31, x, 60, 46
0, e, 76, 79
35, W, 71, 84
13, k, 82, 79
96, J, 12, 38
36, k, 28, 95
54, w, 58, 52
61, E, 22, 72
40, w, 74, 26
37, u, 85, 100
96, V, 25, 73
62, l, 12, 49
81, y, 88, 45
81, Y, 94, 76
55, r, 21, 95
1, m, 31, 92
7, Z, 20, 38
26, J, 90, 42
53, h, 78, 95
10, e, 99, 99
67, O, 61, 22
1, U, 36, 84
70, g, 38, 64
12, X, 67, 47
38, w, 23, 21
36, H, 82, 35
37, X, 76, 85
21, b, 42, 97
99, f, 94, 67
98, Q, 8, 76
28, M, 54, 20
61, K, 92, 79
18, a, 70, 60
2, P, 27, 31
4, X, 70, 28
9, G, 100, 43
47, w, 58, 41
42, c, 62, 42
13, j, 77, 55
89, O, 44, 70
36, b, 82, 1
49, w, 48, 96
2, d, 36, 43
54, Q, 78, 74
42, R, 72, 68
14, y, 4, 52
44, t, 36, 28
72, P, 71, 27
9, q, 92, 65
40, g, 56, 23
65, E, 94, 65
66, I, 5, 12
37, o, 56, 26
87, l, 33, 32
46, c, 52, 10
30, D, 3, 48
45, E, 87, 44
94, n, 24, 78
18, l, 88, 69
35, m, 31, 46
45, A, 27, 70
66, o, 30, 63
56, b, 46, 90
68, E, 84, 78
60, I, 87, 40
52, E, 77, 86
82, A, 51, 5
66, w, 99, 16
7, u, 67, 81
63, c, 60, 38
77, k, 27, 73
99, k, 39, 81
41, o, 26, 53
33, r, 88, 11
14, k, 56, 8
12, Z, 16, 91
40, d, 97, 22
39, F, 41, 99
23, d, 70, 37
3, q, 72, 23
58, b, 9, 35
91, L, 16, 68
46, L, 56, 24
68, M, 53, 4
5, f, 70, 52
97, E, 4, 85
95, q, 24, 53
78, w, 71, 42
38, Z, 67, 0
12, G, 67, 17
76, K, 2, 82
75, K, 25, 98
9, m, 18, 73
24, R, 40, 77
48, g, 29, 5
91, P, 72, 82
1, g, 0, 69
3, b, 88, 75
56, d, 28, 8
0, j, 38, 95
50, w, 41, 27
31, p, 96, 68
62, q, 8, 3
73, w, 21, 13
86, J, 94, 74
30, j, 10, 100
18, d, 20, 53
95, X, 86, 6
13, c, 88, 18
78, N, 73, 60
65, S, 37, 86
23, J, 59, 17
50, A, 26, 20
37, M, 29, 15
37, T, 76, 65
31, t, 71, 19
53, S, 16, 74
42, y, 47, 63
40, r, 62, 77
100, H, 21, 23
58, b, 63, 1
72, w, 32, 37
93, z, 26, 6
47, H, 9, 16
36, h, 41, 11
13, a, 4, 63
1, f, 30, 57
71, I, 5, 72
94, N, 11, 58
85, N, 15, 48
50, A, 67, 97
3, m, 83, 22
74, W, 10, 34
58, i, 24, 10
9, S, 3, 94
81, l, 100, 59
45, m, 2, 15
19, N, 81, 12
60, u, 6, 70
63, F, 11, 97
65, Q, 84, 88
6, F, 58, 22
61, j, 6, 73
2, i, 81, 68
49, f, 3, 47
54, n, 0, 63
73, E, 84, 35
29, X, 65, 71
94, r, 39, 71
84, T, 58, 66
68, d, 76, 74
12, P, 8, 66
27, g, 53, 29
21, u, 55, 52
47, D, 63, 100
28, k, 91, 43
63, V, 18, 65
27, Y, 15, 99
47, G, 33, 87
27, C, 89, 16
80, e, 47, 57
63, A, 98, 82
3, r, 59, 76
53, N, 55, 84
60, i, 94, 66
62, m, 90, 80
44, n, 61, 21
99, P, 90, 68
100, f, 50, 100
21, F, 32, 89
83, j, 75, 91
89, F, 98, 34
63, c, 77, 40
41, V, 70, 90
44, c, 4, 60
7, F, 85, 50
70, s, 30, 19
13, D, 30, 20
59, U, 63, 18
18, z, 54, 10
10, J, 98, 9
0, v, 87, 58
64, f, 54, 69
81, X, 89, 93
54, b, 68, 68
47, f, 62, 18
40, U, 19, 91
24, G, 6, 63
57, I, 29, 94
80, a, 76, 89
7, C, 87, 64
27, C, 71, 41
94, L, 38, 80
99, D, 92, 76
2, T, 34, 51
78, j, 27, 60
87, R, 65, 54
45, J, 69, 83
83, Q, 53, 13
84, g, 22, 30
61, g, 47, 55
71, F, 53, 100
49, D, 48, 71
61, e, 36, 78
90, d, 34, 61
67, A, 50, 65
0, D, 49, 23
32, z, 84, 28
36, O, 76, 65
48, k, 83, 24
94, A, 99, 86
95, e, 57, 92
9, s, 27, 7
40, n, 2, 57
61, d, 57, 63
16, h, 74, 79
5, N, 52, 42
75, Z, 12, 71
1, O, 61, 11
1, j, 89, 46
44, J, 56, 55
30, I, 84, 91
30, V, 73, 62
13, u, 72, 58
40, W, 53, 27
19, p, 55, 95
67, Y, 63, 5
81, G, 55, 76
85, b, 36, 17
2, Z, 20, 6
32, c, 18, 75
25, Q, 37, 3
73, w, 92, 5
69, L, 59, 35
80, O, 18, 0
86, n, 53, 87
51, R, 68, 98
89, h, 51, 47
71, V, 44, 88
45, J, 69, 55
48, V, 49, 0
85, Q, 4, 81
71, x, 42, 31
32, e, 77, 35
61, L, 16, 16
43, k, 30, 19
6, f, 1, 49
6, v, 37, 67
5, c, 86, 20
21, F, 36, 78
3, x, 53, 71
37, E, 6, 99
33, T, 55, 44
48, B, 30, 84
17, j, 49, 36
88, L, 1, 38
19, B, 6, 39
10, h, 20, 80
12, s, 39, 53
85, Y, 57, 35
13, I, 82, 13
25, D, 80, 69
54, x, 20, 35
89, J, 76, 17
17, R, 53, 100
1, D, 20, 22
24, l, 95, 36
36, R, 53, 41
39, p, 21, 3
91, c, 46, 10
74, p, 37, 65
25, N, 76, 89
56, z, 66, 34
9, s, 90, 55
45, F, 14, 40
80, L, 47, 100
59, m, 63, 65
78, L, 15, 47
80, E, 22, 44
86, Y, 21, 31
65, l, 12, 24
98, p, 0, 54
31, E, 61, 44
71, h, 85, 21
9, R, 100, 50
70, R, 56, 61
82, D, 41, 41
4, K, 91, 21
71, V, 49, 79
17, Y, 97, 38
2, g, 7, 5
63, h, 91, 54
92, S, 87, 21
47, U, 87, 30
34, Q, 60, 88
56, j, 46, 1
99, o, 36, 50
27, T, 33, 34
35, K, 60, 85
59, i, 81, 30
87, y, 58, 0
47, T, 21, 79
41, v, 30, 21
21, h, 47, 97
48, K, 57, 93
44, N, 82, 6
22, V, 40, 56
18, s, 83, 0
8, V, 33, 80
59, Y, 54, 42
36, p, 47, 7
70, X, 84, 5
24, e, 96, 58
4, O, 25, 78
1, n, 96, 40
15, N, 26, 75
31, t, 51, 96
36, q, 97, 96
91, D, 94, 47
73, p, 54, 62
20, G, 59, 16
95, B, 67, 25
79, d, 28, 100
40, A, 26, 69
55, V, 2, 43
32, O, 5, 25
60, N, 58, 31
51, U, 89, 17
38, M, 33, 68
82, s, 97, 2
38, t, 32, 26
42, C, 78, 35
58, z, 44, 71
38, T, 92, 10
69, T, 99, 93
71, O, 50, 52
18, u, 20, 28
88, j, 12, 29
71, g, 28, 86
31, r, 79, 77
61, f, 44, 50
4, y, 48, 22
77, L, 9, 72
73, e, 47, 70
27, X, 15, 17
24, Y, 3, 26
3, W, 56, 85
11, m, 38, 87
54, v, 44, 29
97, z, 68, 89
76, u, 27, 27
3, Y, 92, 79
40, j, 40, 68
24, b, 63, 43
11, R, 92, 54
72, g, 80, 35
92, D, 14, 11
90, R, 71, 44
69, H, 20, 44
80, v, 49, 57
97, a, 68, 86
74, q, 72, 12
13, m, 36, 10
59, L, 74, 8
91, F, 53, 53
27, Z, 93, 56
17, C, 38, 20
98, M, 50, 95
22, H, 75, 40
69, F, 88, 72
31, w, 85, 93
45, P, 62, 90
25, O, 19, 84
39, P, 1, 6
91, N, 4, 73
45, S, 49, 16
98, w, 48, 64
21, X, 86, 37
13, a, 97, 95
100, N, 45, 5
90, P, 47, 15
3, l, 87, 76
70, F, 43, 87
40, Z, 15, 53
1, W, 96, 1
3, i, 1, 34
88, C, 67, 63
39, r, 69, 81
52, M, 10, 4
35, m, 82, 65
20, F, 89, 14
88, N, 60, 84
55, S, 71, 75
28, Q, 55, 62
48, s, 69, 45
39, r, 70, 8
79, N, 29, 67
97, s, 40, 65
72, D, 5, 40
18, U, 97, 8
10, H, 62, 33
55, K, 63, 77
39, W, 58, 40
63, u, 1, 73
96, G, 53, 69
14, l, 13, 25
55, s, 17, 54
71, t, 80, 12
75, b, 57, 5
9, l, 72, 57
30, M, 59, 99
90, P, 29, 74
2, q, 14, 68
78, P, 84, 94
33, E, 52, 39
8, O, 44, 15
7, C, 96, 18
0, K, 31, 80
57, o, 28, 19
8, X, 64, 67
59, a, 35, 79
0, K, 28, 28
97, Q, 7, 24
29, U, 91, 18
5, i, 88, 80
98, K, 8, 71
88, F, 52, 72
53, j, 3, 1
61, Q, 46, 33
1, j, 0, 99
52, X, 74, 74
82, e, 4, 5
31, r, 18, 24
43, J, 10, 100
46, c, 20, 40
76, n, 72, 24
64, l, 86, 14
12, t, 25, 17
21, w, 74, 2
55, A, 53, 67
33, r, 37, 6
99, S, 48, 5
81, Q, 86, 61
86, R, 81, 59
4, M, 82, 98
77, t, 61, 34
70, C, 34, 37
23, s, 72, 51
96, u, 22, 17
16, L, 24, 21
83, X, 63, 77
76, v, 71, 87
64, d, 62, 60
94, U, 50, 37
8, y, 96, 25
23, A, 53, 48
68, f, 93, 60
64, I, 34, 94
52, p, 27, 60
63, I, 16, 70
40, n, 53, 24
86, x, 84, 40
84, q, 82, 7
81, s, 84, 64
21, I, 46, 60
59, h, 43, 20
37, R, 54, 34
50, M, 20, 32
16, a, 74, 94
36, X, 52, 48
62, A, 6, 83
63, s, 71, 10
57, E, 30, 12
76, l, 66, 94
0, d, 57, 75
26, z, 63, 6
56, L, 88, 17
44, D, 53, 50
2, I, 54, 78
87, i, 77, 64
92, I, 79, 42
43, Q, 84, 96
56, q, 61, 44
77, f, 55, 82
63, r, 14, 64
28, d, 92, 17
13, O, 43, 89
66, M, 91, 88
22, t, 19, 68
73, l, 69, 39
25, U, 99, 82
74, w, 83, 47
23, a, 4, 26
31, l, 50, 65
5, R, 10, 91
16, U, 26, 6
81, q, 75, 34
15, o, 35, 44
84, k, 3, 44
72, e, 99, 67
31, x, 65, 98
97, F, 58, 53
66, M, 87, 58
72, f, 71, 19
100, c, 85, 3
74, g, 75, 37
64, Y, 53, 76
7, D, 58, 35
33, F, 67, 7
72, G, 2, 57
79, Z, 6, 4
39, X, 96, 62
68, t, 82, 40
30, F, 49, 60
9, Z, 42, 86
62, t, 10, 30
42, S, 44, 11
15, N, 38, 45
96, Z, 92, 30
68, r, 11, 81
84, F, 97, 32
94, B, 31, 21
36, Y, 65, 46
34, U, 70, 4
18, Z, 49, 3
8, E, 70, 17
47, j, 44, 67
46, r, 43, 8
0, N, 75, 72
38, E, 50, 64
94, F, 83, 47
38, B, 17, 18
72, N, 57, 16
85, R, 20, 22
93, V, 24, 12
35, U, 14, 25
88, g, 81, 88
22, O, 43, 90
39, n, 91, 59
99, u, 90, 19
59, z, 6, 66
79, E, 6, 71
97, k, 100, 56
96, w, 40, 26
73, Q, 25, 68
23, D, 45, 50
22, w, 99, 64
34, d, 76, 86
2, U, 76, 23
66, E, 66, 59
5, R, 21, 5
14, b, 17, 58
89, p, 33, 59
93, r, 29, 91
87, n, 23, 57
26, j, 84, 71
69, a, 78, 53
57, P, 46, 95
20, C, 12, 27
11, q, 55, 30
25, k, 23, 35
60, V, 15, 27
62, s, 32, 10
69, f, 87, 73
95, a, 4, 73
100, A, 19, 53
43, Y, 31, 37
96, Q, 7, 63
13, n, 74, 77
72, o, 54, 37
85, t, 74, 35
27, u, 72, 58
36, J, 39, 93
71, h, 18, 34
46, O, 92, 55
12, L, 61, 39
56, W, 52, 29
16, Z, 49, 0
59, H, 44, 45
67, Z, 100, 64
18, L, 15, 75
48, d, 27, 87
97, A, 24, 41
83, Y, 50, 57
94, u, 85, 83
100, I, 50, 32
46, i, 62, 59
76, P, 79, 16
9, P, 38, 75
92, l, 74, 26
5, K, 23, 69
26, T, 95, 73
57, r, 38, 9
85, N, 79, 50
62, v, 79, 45
12, Y, 66, 14
79, q, 7, 85
66, s, 98, 20
33, g, 25, 27
90, R, 35, 28
12, w, 75, 81
65, O, 3, 89
39, J, 19, 86
41, m, 54, 36
8, c, 10, 54
74, Z, 84, 4
15, M, 28, 26
68, n, 84, 55
8, A, 95, 60
31, H, 53, 58
93, Q, 74, 11
77, E, 84, 79
13, w, 3, 37
85, h, 87, 33
28, i, 5, 67
74, C, 97, 69
81, T, 34, 34
80, e, 91, 3
21, Y, 67, 27
83, V, 92, 19
71, P, 10, 84
95, J, 35, 31
11, G, 8, 31
63, H, 2, 79
71, l, 54, 2
15, I, 97, 38
99, k, 55, 78
35, v, 35, 32
43, H, 85, 22
95, R, 17, 86
57, J, 52, 51
86, y, 38, 10
87, z, 0, 0
56, z, 76, 14
81, d, 83, 75
17, F, 84, 22
22, J, 35, 69
73, x, 96, 74
7, y, 35, 1
90, L, 21, 27
60, S, 32, 11
43, Z, 8, 56
47, z, 42, 57
10, O, 60, 7
63, a, 99, 55
9, a, 77, 54
32, B, 99, 85
95, L, 7, 45
75, W, 33, 95
77, O, 11, 54
17, e, 100, 32
40, Y, 72, 57
69, V, 63, 1
69, k, 94, 64
29, z, 74, 87
56, R, 84, 43
44, s, 36, 12
87, n, 90, 39
25, I, 95, 30
12, o, 59, 11
80, J, 62, 50
39, K, 14, 94
35, Y, 78, 98
93, r, 24, 29
19, i, 88, 18
15, C, 66, 18
7, y, 75, 90
62, W, 26, 18
15, x, 6, 89
74, C, 88, 57
61, Y, 64, 29
86, Q, 48, 50
64, n, 10, 14
0, Q, 55, 77
92, K, 36, 73
100, g, 61, 7
40, t, 78, 30
43, Z, 72, 92
22, Y, 54, 29
17, u, 31, 71
79, O, 1, 52
53, x, 44, 50
47, g, 49, 25
9, U, 69, 77
2, a, 99, 85
49, L, 4, 21
53, s, 66, 44
12, P, 41, 96
95, N, 47, 79
95, C, 86, 62
68, b, 75, 84
40, W, 7, 23
83, Z, 40, 29
24, c, 57, 63
19, W, 30, 84
74, O, 17, 38
66, o, 36, 7
20, U, 57, 11
3, p, 61, 85
69, e, 75, 10
46, Q, 97, 90
89, y, 76, 20
17, Q, 72, 100
68, m, 91, 45
39, b, 38, 49
65, q, 5, 86
29, Q, 50, 46
65, f, 80, 86
2, x, 89, 13
5, D, 93, 87
84, g, 28, 38
22, Y, 94, 96
51, D, 100, 93
0, R, 13, 80
96, j, 36, 87
63, u, 18, 92
21, O, 38, 34
75, i, 23, 55
62, P, 51, 61
56, e, 26, 40
47, g, 40, 79
97, z, 45, 33
96, J, 22, 6
14, n, 23, 92
83, B, 71, 61
81, k, 52, 63
99, d, 92, 31
74, N, 61, 16
21, P, 28, 96
61, s, 37, 70
56, v, 66, 79
0, k, 13, 13
86, P, 51, 46
100, e, 35, 52
32, t, 56, 35
99, M, 27, 49
1, o, 43, 53
93, Z, 25, 38
14, i, 65, 46
81, d, 8, 40
56, L, 60, 88
19, S, 66, 54
36, k, 7, 4
87, M, 17, 6
57, n, 46, 89
97, Z, 48, 85
4, K, 29, 31
24, q, 17, 36
49, K, 26, 82
31, Q, 17, 83
33, x, 62, 20
1, C, 45, 46
26, S, 57, 97
76, F, 98, 69
64, A, 88, 64
59, G, 53, 77
0, s, 11, 82
67, d, 65, 3
2, d, 84, 96
3, L, 34, 31
18, N, 80, 64
0, Y, 3, 10
57, v, 32, 16
80, x, 45, 43
19, o, 49, 78
36, T, 11, 85
20, N, 80, 13
39, N, 5, 72
39, i, 14, 69
28, s, 60, 35
27, h, 40, 3
36, C, 64, 22
94, p, 47, 12
79, P, 95, 90
57, z, 83, 89
15, n, 53, 38
13, q, 42, 18
6, S, 20, 45
26, h, 33, 47
64, S, 41, 53
50, J, 61, 68
70, p, 54, 97
99, y, 14, 51
15, l, 95, 57
28, H, 14, 38
20, A, 57, 10
0, V, 35, 9
45, m, 40, 83
86, Q, 13, 65
56, b, 68, 10
24, B, 58, 70
32, b, 63, 88
70, U, 4, 58
82, h, 57, 51
95, m, 2, 16
50, m, 99, 100
59, u, 1, 78
13, Y, 1, 7
80, u, 10, 22
17, m, 87, 20
4, i, 79, 38
44, x, 24, 86
97, R, 35, 54
65, f, 17, 78
59, c, 81, 25
54, S, 84, 30
81, J, 19, 53
85, e, 70, 56
23, L, 76, 54
94, y, 33, 23
11, c, 65, 77
13, S, 33, 53
93, U, 68, 4
100, s, 41, 5
29, M, 50, 76
32, L, 19, 70
5, b, 61, 79
82, g, 87, 11
76, w, 72, 18
72, H, 84, 8
93, J, 67, 53
67, D, 28, 67
86, m, 87, 20
75, Q, 72, 93
54, s, 86, 76
71, X, 20, 88
66, a, 69, 91
92, L, 78, 8
60, w, 26, 85
11, k, 75, 16
20, W, 95, 16
37, K, 23, 27
31, v, 5, 65
70, v, 75, 49
17, u, 24, 100
67, I, 86, 3
65, G, 77, 96
93, U, 22, 49
6, D, 58, 68
91, x, 12, 57
34, m, 21, 64
78, V, 52, 14
30, P, 67, 37
73, I, 65, 5
36, m, 6, 91
3, H, 17, 50
28, G, 98, 40
54, F, 25, 58
58, b, 24, 11
55, h, 48, 12
96, L, 19, 30
76, X, 87, 6
80, D, 51, 75
8, F, 86, 87
39, T, 7, 75
31, L, 31, 74
16, p, 40, 33
96, M, 2, 56
67, F, 95, 48
0, U, 24, 73
39, I, 31, 60
67, K, 100, 46
37, l, 92, 45
49, A, 55, 76
4, d, 97, 70
48, m, 56, 80
59, Y, 77, 61
68, M, 5, 46
35, L, 79, 53
74, o, 90, 61
33, k, 15, 65
22, A, 6, 56
71, E, 3, 70
4, M, 33, 93
18, C, 46, 12
91, S, 40, 48
60, q, 68, 63
34, p, 13, 59
44, e, 53, 76
2, t, 51, 3
68, I, 86, 7
31, G, 49, 73
60, w, 82, 40
43, l, 82, 54
21, B, 17, 75
63, l, 1, 75
47, J, 63, 66
3, t, 34, 8
9, i, 42, 10
63, i, 31, 75
85, r, 63, 10
47, o, 67, 71
52, p, 70, 2
82, P, 87, 72
57, d, 13, 37
91, T, 67, 29
65, p, 56, 59
66, J, 11, 45
16, a, 99, 26
1, T, 28, 26
73, p, 86, 19
95, o, 18, 30
49, Z, 74, 43
92, w, 40, 13
11, m, 67, 56
77, x, 53, 12
15, Y, 91, 54
75, W, 98, 46
25, x, 58, 89
37, Z, 100, 1
59, H, 57, 64
33, F, 48, 29
62, g, 93, 32
24, R, 48, 19
97, c, 95, 95
46, T, 26, 16
10, B, 48, 43
96, v, 18, 29
71, r, 51, 25
85, n, 96, 78
39, G, 31, 20
30, g, 84, 38
47, E, 23, 43
91, q, 86, 74
67, Z, 94, 75
62, K, 50, 55
45, h, 53, 7
6, e, 63, 83
85, p, 22, 1
25, c, 67, 43
68, a, 23, 79
87, A, 31, 73
78, i, 98, 73
81, c, 52, 21
14, l, 90, 39
61, N, 21, 31
82, Y, 63, 86
67, i, 32, 65
15, I, 46, 79
19, I, 58, 43
70, A, 57, 75
29, j, 16, 36
39, t, 87, 76
19, f, 54, 90
75, j, 78, 26
89, I, 27, 91
34, Q, 57, 56
80, U, 38, 3
77, H, 26, 63
39, G, 83, 12
33, Y, 57, 89
30, D, 49, 97
71, i, 89, 17
2, r, 54, 77
39, z, 32, 55
25, K, 89, 78
62, B, 63, 38
95, I, 28, 39
45, F, 71, 99
90, Q, 35, 54
40, d, 91, 47
66, p, 67, 91
87, j, 88, 90
11, I, 92, 89
72, y, 41, 36
20, f, 50, 99
12, O, 22, 49
99, X, 53, 28
82, e, 41, 4
75, L, 7, 99
40, U, 4, 55
22, U, 96, 9
4, H, 28, 36
41, E, 75, 28
27, X, 71, 51
89, Y, 30, 70
84, d, 98, 23
84, G, 41, 70
9, J, 45, 10
74, D, 68, 43
43, r, 9, 5
12, o, 50, 59
98, B, 78, 0
2, Y, 45, 60
77, A, 57, 5
68, k, 81, 18
31, R, 88, 7
25, E, 49, 100
49, V, 88, 57
14, L, 53, 78
41, A, 18, 14
52, I, 69, 62
53, C, 40, 82
39, X, 30, 56
48, z, 87, 24
60, M, 18, 96
43, E, 86, 39
62, j, 24, 24
14, Q, 6, 83
44, z, 74, 17
8, k, 82, 47
43, r, 86, 60
87, z, 15, 66
49, f, 39, 92
68, r, 72, 17
91, Y, 88, 63
5, H, 52, 81
16, V, 15, 53
68, i, 30, 29
40, l, 68, 99
92, m, 100, 28
5, w, 54, 44
96, u, 84, 43
12, t, 46, 90
69, Y, 15, 53
43, A, 45, 16
36, R, 52, 98
3, P, 29, 47
2, L, 42, 52
50, i, 18, 74
97, b, 42, 4
36, M, 45, 81
83, p, 71, 78
35, a, 98, 10
35, b, 91, 39
46, V, 66, 84
13, G, 64, 36
50, N, 43, 82
61, T, 16, 27
56, N, 57, 99
32, F, 64, 58
8, x, 70, 68
81, m, 97, 3
19, W, 72, 10
25, J, 48, 85
41, X, 17, 2
39, C, 19, 74
66, i, 20, 48
64, p, 14, 92
87, C, 16, 69
50, k, 49, 63
44, B, 61, 51
73, I, 91, 60
1, v, 11, 98
60, o, 96, 28
100, E, 31, 48
29, s, 12, 12
10, V, 70, 98
86, W, 93, 92
28, G, 67, 78
18, m, 85, 4
62, u, 78, 47
79, c, 89, 35
53, A, 60, 21
18, Z, 6, 29
14, D, 44, 71
13, o, 34, 22
83, U, 60, 47
73, c, 15, 26
81, Q, 80, 62
13, G, 65, 39
13, w, 85, 46
48, F, 78, 72
66, D, 32, 72
47, R, 91, 48
29, p, 39, 87
83, m, 89, 8
43, K, 46, 68
90, K, 62, 2
43, G, 56, 73
72, e, 45, 38
73, H, 83, 58
43, M, 99, 58
70, c, 62, 17
1, k, 41, 65
38, X, 8, 100
69, b, 25, 98
64, B, 45, 16
5, X, 88, 12
68, k, 49, 61
58, M, 99, 75
16, U, 10, 22
18, P, 82, 97
33, d, 33, 81
45, Q, 6, 59
95, J, 74, 75
19, A, 51, 90
82, s, 58, 54
5, R, 38, 75
17, T, 84, 91
98, x, 18, 50
89, M, 54, 82
46, n, 100, 32
33, s, 67, 55
35, y, 50, 72
15, u, 8, 78
92, f, 25, 62
42, D, 92, 46
27, f, 88, 100
52, K, 4, 41
28, B, 10, 100
26, g, 31, 72
7, A, 31, 35
53, N, 37, 29
8, V, 60, 67
55, O, 52, 79
90, i, 51, 74
14, I, 23, 33
66, a, 0, 68
22, X, 48, 82
6, c, 56, 28
65, l, 46, 47
92, U, 79, 93
36, O, 8, 40
56, O, 73, 20
12, b, 47, 99
62, K, 18, 58
15, R, 85, 63
72, G, 16, 62
86, Y, 92, 60
70, e, 52, 86
39, r, 77, 67
15, B, 53, 42
61, F, 24, 96
97, s, 30, 95
96, D, 40, 91
16, o, 60, 73
85, H, 63, 3
56, I, 93, 68
91, M, 49, 2
0, v, 68, 65
49, T, 100, 85
42, E, 8, 27
84, F, 41, 63
68, C, 24, 68
16, c, 13, 29
80, p, 41, 75
98, J, 58, 25
2, a, 84, 6
16, N, 67, 14
82, I, 12, 64
34, s, 22, 14
54, M, 49, 5
69, M, 63, 6
99, W, 78, 28
89, m, 17, 52
63, W, 45, 18
55, x, 16, 91
68, A, 83, 5
75, c, 89, 20
85, j, 54, 77
70, k, 35, 51
11, h, 72, 0
41, J, 39, 19
19, m, 54, 85
22, B, 70, 90
93, U, 50, 28
20, J, 51, 62
46, u, 45, 21
89, M, 37, 40
70, L, 99, 79
31, M, 51, 58
88, f, 62, 33
49, b, 33, 73
40, w, 3, 82
81, m, 49, 97
6, B, 68, 22
75, c, 90, 66
20, L, 96, 56
24, C, 73, 23
13, m, 80, 24
78, c, 59, 46
90, M, 18, 71
66, y, 17, 72
99, d, 97, 5
96, r, 68, 93
96, r, 88, 66
11, h, 78, 5
82, p, 80, 59
76, G, 24, 95
72, H, 12, 53
23, L, 13, 23
67, a, 67, 92
64, F, 95, 28
37, e, 61, 73
73, O, 82, 90
54, P, 86, 53
45, l, 33, 30
94, I, 40, 21
15, t, 11, 51
8, X, 7, 74
48, A, 26, 47
23, I, 23, 29
4, e, 12, 74
82, N, 51, 29
14, w, 44, 78
48, Y, 17, 82
89, m, 78, 29
92, u, 80, 8
11, B, 45, 56
74, Q, 63, 65
60, q, 51, 64
45, T, 18, 81
78, v, 70, 32
0, V, 62, 43
31, t, 37, 99
72, j, 93, 0
72, s, 29, 3
77, s, 26, 64
10, v, 84, 60
5, F, 13, 22
21, B, 14, 96
31, H, 19, 24
85, F, 99, 16
38, R, 26, 34
89, i, 91, 82
32, c, 36, 80
10, x, 22, 43
76, O, 2, 4
90, T, 22, 75
2, f, 10, 59
56, R, 45, 17
32, P, 27, 33
70, s, 4, 88
19, M, 84, 12
30, t, 53, 17
77, n, 81, 56
81, z, 20, 46
15, l, 29, 48
75, b, 6, 53
46, F, 79, 57
99, Q, 80, 66
46, H, 52, 62
61, G, 2, 32
24, r, 0, 75
58, L, 51, 61
56, G, 21, 52
20, b, 23, 13
27, G, 21, 43
64, r, 47, 41
88, a, 11, 98
70, l, 26, 73
39, N, 9, 7
71, d, 63, 66
24, y, 64, 54
67, V, 52, 22
7, P, 33, 15
56, s, 93, 60
70, U, 92, 62
53, d, 79, 40
2, b, 4, 33
85, U, 56, 26
68, U, 82, 18
32, B, 93, 41
32, l, 28, 48
1, m, 41, 20
13, l, 44, 91
41, V, 41, 75
20, O, 2, 2
71, f, 25, 79
77, e, 33, 53
80, l, 77, 37
14, F, 48, 51
17, J, 49, 52
8, l, 42, 4
87, Y, 100, 95
27, o, 3, 98
23, z, 34, 14
63, D, 48, 27
72, o, 70, 61
75, N, 52, 88
32, z, 13, 7
27, W, 81, 92
74, A, 67, 82
85, M, 18, 78
79, y, 75, 69
44, G, 1, 47
0, P, 15, 33
74, J, 75, 89
95, J, 65, 100
36, M, 23, 58
13, d, 26, 26
36, I, 68, 23
87, z, 13, 58
38, W, 52, 34
85, A, 82, 74
95, h, 66, 76
51, N, 80, 84
14, b, 38, 53
85, p, 73, 91
20, y, 3, 18
65, a, 76, 62
55, G, 22, 99
32, D, 34, 80
32, j, 32, 69
99, O, 41, 2
94, E, 90, 51
67, u, 52, 24
55, s, 46, 84
71, I, 71, 37
2, e, 21, 26
31, F, 96, 44
99, a, 99, 20
84, x, 69, 41
30, b, 35, 45
99, T, 41, 72
13, Z, 91, 15
52, T, 99, 93
23, u, 7, 45
23, L, 0, 22
91, Z, 80, 24
67, D, 31, 26
9, W, 22, 24
74, q, 48, 95
28, J, 52, 97
65, m, 55, 71
28, f, 36, 79
50, o, 61, 71
59, b, 49, 62
10, j, 21, 74
46, M, 75, 91
95, v, 85, 52
76, P, 95, 39
91, t, 16, 51
48, z, 94, 40
3, l, 29, 49
20, u, 22, 40
7, r, 54, 50
72, w, 21, 34
23, S, 40, 66
87, m, 17, 87
15, X, 30, 68
4, B, 83, 72
34, Q, 46, 22
61, S, 63, 30
7, i, 24, 23
40, p, 25, 81
29, p, 0, 14
7, E, 63, 64
74, w, 49, 1
50, U, 6, 22
78, p, 56, 48
35, T, 14, 93
46, j, 68, 100
40, Z, 50, 55
81, d, 62, 84
37, g, 45, 18
72, Z, 54, 37
36, j, 25, 18
11, I, 8, 63
51, R, 71, 21
80, n, 97, 21
40, A, 5, 56
4, S, 18, 61
53, i, 14, 67
56, L, 13, 73
42, H, 37, 28
59, T, 9, 81
0, v, 26, 68
3, a, 93, 8
44, U, 55, 57
9, K, 91, 82
25, v, 88, 14
45, F, 0, 33
39, x, 54, 47
71, G, 84, 9
73, y, 47, 91
69, p, 27, 89
2, T, 30, 4
95, E, 1, 16
48, o, 44, 4
76, F, 57, 18
20, y, 10, 94
66, V, 61, 44
0, h, 72, 41
32, p, 41, 14
51, x, 78, 57
76, t, 60, 40
6, u, 53, 89
87, T, 57, 9
75, N, 81, 94
38, u, 46, 0
18, R, 87, 80
76, b, 54, 61
74, Y, 12, 86
52, P, 1, 37
89, C, 52, 3
14, v, 6, 70
75, P, 22, 33
6, w, 68, 6
92, I, 81, 70
90, K, 25, 70
9, n, 28, 54
65, V, 63, 12
84, Y, 60, 62
2, U, 32, 12
48, P, 19, 1
77, y, 71, 61
32, F, 27, 77
48, Q, 44, 100
66, L, 7, 52
30, d, 96, 74
38, q, 62, 12
82, l, 5, 1
46, U, 15, 41
71, f, 45, 6
47, R, 32, 22
14, q, 17, 15
12, v, 96, 89
67, e, 28, 5
57, h, 12, 37
59, u, 17, 46
47, V, 1, 33
61, b, 38, 73
8, g, 23, 21
22, p, 27, 49
4, v, 42, 65
67, S, 86, 86
5, q, 72, 89
87, Q, 36, 96
95, q, 36, 35
36, b, 18, 98
85, C, 44, 11
82, o, 82, 98
42, t, 83, 40
5, x, 65, 81
46, B, 59, 84
93, l, 55, 75
3, c, 34, 43
9, a, 37, 64
2, x, 86, 11
91, X, 99, 83
34, z, 32, 50
41, v, 38, 36
69, X, 46, 78
85, N, 4, 89
90, c, 5, 29
34, M, 80, 75
96, Q, 6, 28
9, F, 84, 63
50, X, 49, 85
69, W, 72, 91
68, l, 84, 66
37, p, 69, 10
80, Q, 59, 48
21, B, 33, 23
60, g, 35, 9
4, T, 14, 74
97, Z, 83, 51
2, I, 9, 63
15, T, 33, 71
25, L, 43, 90
42, P, 92, 92
54, J, 73, 96
88, G, 93, 63
5, x, 56, 32
96, t, 24, 23
92, o, 94, 47
89, J, 15, 46
15, r, 87, 21
13, n, 99, 100
10, T, 34, 40
61, Q, 13, 34
87, B, 57, 22
82, v, 94, 41
53, F, 60, 78
30, Z, 0, 7
64, n, 64, 89
84, h, 98, 45
74, S, 15, 67
50, v, 96, 1
12, f, 34, 74
48, q, 94, 11
14, z, 85, 38
55, H, 41, 2
14, n, 46, 67
100, d, 57, 57
55, M, 78, 88
48, y, 34, 12
46, Y, 68, 73
77, n, 74, 25
40, Y, 90, 83
96, W, 21, 14
52, U, 56, 72
35, a, 90, 39
94, c, 79, 71
16, D, 85, 28
50, i, 41, 57
66, O, 96, 3
17, W, 35, 65
5, N, 75, 60
3, K, 39, 12
14, D, 42, 14
52, U, 8, 99
59, H, 67, 22
39, e, 92, 65
59, h, 31, 23
41, e, 25, 20
74, v, 40, 82
63, Z, 11, 30
21, g, 56, 8
25, k, 60, 58
40, y, 51, 97
35, I, 99, 59
66, W, 6, 21
22, i, 40, 98
46, C, 84, 23
72, V, 74, 83
84, D, 68, 54
73, j, 53, 16
58, w, 5, 97
96, V, 6, 42
53, g, 83, 2
49, N, 56, 26
13, b, 15, 32
99, P, 68, 47
66, T, 98, 92
69, B, 76, 83
17, T, 55, 37
38, t, 64, 10
94, X, 89, 27
22, v, 79, 47
92, j, 17, 92
20, A, 63, 61
2, t, 64, 45
97, T, 58, 61
47, K, 34, 11
77, k, 39, 19
52, m, 85, 80
79, m, 14, 30
56, N, 67, 77
11, g, 86, 31
80, M, 0, 33
0, g, 99, 6
51, G, 92, 46
83, b, 44, 61
94, A, 18, 57
58, O, 32, 86
97, I, 67, 19
51, N, 6, 48
48, m, 12, 37
87, O, 75, 12
71, I, 94, 1
44, v, 43, 0
60, J, 80, 46
87, U, 52, 94
69, K, 87, 57
14, O, 41, 13
79, S, 60, 57
80, x, 74, 36
62, k, 16, 5
96, s, 20, 80
35, V, 45, 24
98, t, 74, 28
97, l, 32, 56
31, I, 13, 39
60, n, 96, 32
57, O, 37, 63
28, T, 9, 11
0, p, 66, 40
84, q, 16, 62
22, R, 60, 3
56, r, 11, 13
92, G, 1, 62
81, E, 71, 41
21, w, 17, 33
52, q, 92, 93
40, H, 53, 77
6, H, 76, 87
5, G, 43, 97
25, Y, 5, 74
71, l, 3, 46
79, H, 90, 40
46, N, 13, 81
95, H, 44, 47
20, p, 35, 25
87, x, 93, 59
53, F, 39, 43
77, u, 53, 66
84, E, 16, 61
53, W, 6, 94
17, R, 94, 52
75, H, 50, 6
97, Q, 87, 64
59, e, 17, 34
26, g, 1, 43
78, L, 78, 74
25, B, 70, 33
31, S, 28, 85
53, N, 50, 32
8, X, 35, 40
78, b, 28, 83
3, L, 6, 58
60, B, 26, 88
11, h, 41, 93
1, M, 19, 18
10, K, 39, 78
65, i, 3, 36
20, B, 21, 27
0, z, 91, 9
33, V, 57, 36
13, Y, 35, 55
14, k, 2, 40
76, a, 78, 100
28, d, 60, 62
0, A, 75, 77
58, J, 9, 47
50, Y, 73, 45
37, X, 18, 55
5, I, 72, 99
41, g, 8, 80
33, d, 85, 47
50, g, 17, 33
76, u, 71, 22
87, p, 85, 37
71, F, 100, 9
52, t, 80, 4
91, N, 35, 34
11, e, 42, 27
95, u, 13, 9
15, R, 32, 64
38, v, 0, 33
13, W, 92, 45
48, f, 100, 41
0, n, 97, 45
28, w, 12, 13
72, d, 72, 31
10, p, 81, 87
8, L, 26, 16
65, B, 39, 40
100, F, 22, 86
88, g, 33, 55
49, w, 83, 52
68, e, 6, 14
21, j, 52, 6
37, W, 26, 37
38, a, 40, 34
7, D, 59, 26
88, V, 44, 26
60, t, 22, 23
29, t, 27, 97
49, b, 3, 84
48, c, 95, 45
63, e, 46, 55
74, M, 41, 67
60, Z, 48, 92
41, o, 98, 33
38, A, 11, 25
30, C, 88, 76
28, C, 4, 14
61, H, 24, 97
75, w, 4, 39
98, P, 8, 16
61, k, 99, 56
7, S, 62, 100
37, X, 0, 39
77, N, 52, 0
9, b, 27, 54
36, v, 16, 11
36, c, 8, 21
28, b, 56, 36
96, r, 50, 36
81, B, 91, 23
41, M, 38, 26
55, J, 80, 35
29, i, 22, 72
16, E, 100, 0
82, t, 76, 33
94, U, 91, 27
56, F, 55, 56
87, o, 88, 61
2, g, 7, 39
96, i, 49, 77
14, K, 90, 91
7, y, 26, 49
89, k, 43, 54
4, b, 97, 19
23, B, 53, 88
39, j, 88, 35
79, Z, 22, 90
15, L, 59, 69
55, z, 70, 16
27, o, 47, 80
63, T, 19, 57
8, t, 6, 66
7, N, 15, 65
97, T, 36, 91
80, h, 24, 32
24, R, 96, 73
25, x, 92, 66
6, l, 96, 31
78, O, 81, 81
19, c, 76, 24
94, S, 37, 31
43, s, 39, 94
25, H, 72, 22
28, h, 39, 81
11, V, 94, 31
94, B, 36, 74
34, x, 67, 79
54, O, 75, 64
18, V, 76, 36
56, k, 88, 27
36, z, 41, 12
96, o, 28, 70
30, k, 92, 96
80, c, 24, 79
63, Z, 18, 18
73, V, 6, 76
20, o, 30, 53
54, C, 59, 26
22, b, 34, 46
10, e, 74, 58
97, N, 6, 15
45, P, 72, 45
70, t, 82, 86
14, U, 85, 36
76, c, 60, 75
4, H, 76, 65
73, K, 24, 59
95, o, 92, 46
43, J, 40, 44
77, T, 35, 43
35, D, 35, 38
25, k, 46, 49
20, h, 46, 97
5, K, 19, 69
12, Y, 42, 98
74, a, 80, 76
21, H, 84, 95
28, J, 22, 40
67, n, 32, 82
20, m, 23, 95
53, T, 4, 28
73, X, 17, 81
65, j, 4, 64
53, K, 65, 7
3, R, 72, 72
50, j, 94, 83
82, o, 26, 10
54, h, 25, 91
61, L, 36, 11
74, N, 49, 23
59, m, 73, 86
5, B, 92, 69
48, Z, 83, 97
20, I, 98, 0
96, r, 49, 77
84, t, 43, 54
39, f, 53, 82
61, g, 26, 12
23, S, 17, 6
65, t, 55, 42
34, v, 2, 24
83, v, 13, 57
33, b, 23, 83
19, v, 65, 33
30, Q, 58, 39
21, H, 31, 66
69, D, 93, 87
30, V, 74, 93
90, Y, 82, 6
74, b, 24, 22
3, I, 12, 41
91, D, 18, 63
99, i, 4, 22
60, d, 41, 56
30, g, 63, 20
73, H, 73, 79
84, k, 100, 25
76, Y, 90, 23
7, c, 4, 50
6, i, 18, 21
37, B, 0, 61
58, K, 1, 40
11, A, 20, 7
69, V, 66, 71
43, q, 75, 21
33, L, 30, 10
74, I, 36, 72
80, W, 13, 35
61, W, 68, 36
1, R, 68, 65
48, F, 76, 100
48, j, 28, 97
88, B, 68, 83
46, H, 49, 45
38, w, 15, 53
19, N, 28, 16
31, P, 63, 53
14, R, 10, 87
84, c, 37, 88
89, S, 98, 71
18, g, 84, 32
28, d, 18, 93
15, P, 10, 68
87, C, 6, 55
9, G, 86, 98
13, O, 88, 37
35, A, 71, 70
75, t, 53, 46
36, C, 92, 59
65, d, 25, 2
94, n, 39, 31
61, t, 6, 23
52, A, 100, 62
62, X, 56, 91
22, U, 100, 73
53, E, 69, 83
2, e, 75, 55
0, i, 65, 94
9, n, 64, 46
92, U, 34, 1
78, w, 30, 23
50, b, 59, 41
6, f, 21, 66
83, S, 32, 59
64, W, 69, 42
82, W, 61, 45
67, O, 10, 49
3, H, 24, 31
58, M, 99, 26
17, M, 5, 88
94, l, 57, 59
43, F, 91, 41
24, l, 39, 84
60, X, 74, 100
75, G, 56, 20
44, o, 71, 4
61, h, 58, 82
51, x, 64, 43
69, l, 69, 21
66, K, 37, 94
86, z, 5, 83
74, T, 71, 13
14, n, 59, 27
43, W, 94, 93
14, l, 80, 31
58, s, 63, 74
17, g, 98, 35
72, c, 89, 79
92, y, 91, 56
89, M, 95, 0
41, V, 29, 38
33, K, 11, 17
91, k, 60, 53
43, N, 4, 62
39, Z, 53, 72
54, P, 41, 91
68, e, 11, 53
61, r, 62, 94
30, K, 35, 7
100, J, 25, 32
32, x, 96, 4
18, J, 90, 24
91, t, 75, 88
62, p, 34, 28
13, h, 11, 25
22, j, 69, 69
30, q, 12, 15
19, o, 55, 86
96, Y, 28, 47
67, H, 82, 33
55, f, 57, 30
21, Z, 84, 37
18, s, 8, 50
73, q, 19, 19
50, y, 89, 36
46, E, 4, 61
40, v, 50, 62
23, e, 8, 79
88, a, 86, 3
65, T, 76, 19
21, Z, 95, 14
56, a, 22, 26
41, g, 70, 25
18, y, 64, 3
14, d, 3, 58
93, R, 31, 43
77, D, 16, 91
95, O, 24, 58
92, l, 72, 58
51, N, 87, 64
53, P, 80, 6
83, k, 4, 93
80, G, 22, 3
74, R, 81, 19
14, G, 75, 5
25, w, 51, 91
72, b, 55, 75
78, i, 55, 99
43, K, 21, 78
55, v, 29, 63
83, C, 41, 20
5, b, 62, 39
10, D, 71, 31
34, S, 48, 26
29, u, 46, 17
14, H, 68, 3
58, y, 64, 32
99, z, 99, 9
0, r, 24, 30
95, K, 62, 2
31, W, 87, 80
33, k, 83, 100
70, R, 38, 7
31, N, 71, 30
23, g, 44, 16
58, M, 69, 64
79, W, 18, 5
33, A, 15, 37
88, B, 21, 52
52, r, 60, 51
17, b, 82, 51
10, P, 18, 82
26, q, 77, 60
69, o, 76, 54
29, T, 16, 62
18, H, 17, 90
71, b, 86, 66
24, n, 48, 34
12, l, 27, 40
58, z, 75, 70
4, u, 13, 67
76, O, 64, 52
90, S, 29, 19
21, Y, 62, 77
85, n, 77, 27
16, f, 11, 37
63, A, 19, 87
19, m, 56, 93
93, K, 26, 20
58, G, 95, 86
96, F, 26, 55
73, Z, 65, 71
52, V, 99, 39
43, L, 67, 44
59, x, 15, 58
69, Z, 79, 100
67, l, 5, 32
50, s, 74, 97
74, I, 35, 78
58, g, 68, 13
47, r, 73, 3
28, k, 0, 87
15, Q, 34, 68
81, b, 39, 54
40, E, 64, 57
54, p, 83, 20
38, X, 58, 23
55, R, 9, 38
0, H, 38, 64
34, M, 68, 37
43, Z, 13, 84
6, S, 61, 1
1, K, 100, 30
24, h, 75, 7
44, G, 32, 66
10, W, 76, 96
43, r, 20, 70
79, t, 40, 45
92, l, 94, 44
68, Y, 70, 95
12, Y, 93, 36
0, l, 31, 73
56, t, 99, 8
65, c, 28, 84
23, M, 27, 66
73, A, 97, 64
26, U, 63, 43
27, V, 17, 71
36, Z, 15, 79
15, J, 42, 57
72, e, 37, 80
56, E, 19, 0
38, M, 67, 61
82, b, 50, 29
40, g, 44, 28
75, E, 82, 5
40, j, 50, 98
16, L, 65, 85
98, a, 87, 50
32, j, 50, 2
95, f, 66, 70
46, c, 34, 3
30, T, 39, 31
53, o, 73, 68
69, R, 17, 57
39, S, 32, 87
13, t, 99, 74
61, h, 84, 28
25, X, 29, 29
57, a, 100, 22
23, h, 21, 44
95, x, 13, 27
89, a, 51, 18
19, r, 61, 67
17, M, 89, 93
8, k, 31, 21
94, r, 26, 73
29, c, 71, 29
50, p, 25, 54
59, h, 51, 14
49, I, 40, 28
40, b, 40, 96
74, V, 68, 11
59, G, 56, 96
81, K, 89, 6
42, g, 30, 39
27, i, 60, 28
63, a, 72, 84
4, L, 96, 50
37, g, 38, 44
31, t, 46, 85
94, Z, 83, 56
8, B, 66, 87
74, s, 71, 93
21, w, 17, 35
43, I, 75, 36
95, E, 84, 82
12, t, 88, 78
78, l, 2, 99
90, P, 53, 25
93, P, 33, 75
20, m, 3, 64
58, I, 90, 84
50, G, 33, 32
92, K, 88, 3
69, g, 50, 36
77, X, 19, 87
19, X, 79, 10
62, R, 85, 10
61, A, 28, 50
16, d, 45, 18
25, f, 82, 64
15, x, 53, 69
90, U, 94, 84
69, U, 6, 5
11, I, 65, 69
42, r, 41, 36
89, O, 12, 58
83, p, 88, 62
32, U, 26, 95
52, g, 8, 36
98, y, 100, 99
6, j, 87, 11
96, P, 47, 8
18, Z, 88, 32
20, s, 8, 21
87, b, 81, 28
22, i, 34, 76
5, r, 30, 90
46, Y, 95, 67
1, F, 62, 49
94, s, 43, 1
19, a, 46, 69
36, b, 63, 98
32, P, 56, 20
19, h, 41, 58
56, Z, 86, 74
86, v, 76, 31
62, A, 22, 84
65, F, 57, 66
65, I, 0, 91
12, s, 25, 52
64, T, 17, 97
51, D, 24, 86
52, A, 79, 63
12, w, 40, 10
73, K, 95, 4
21, E, 11, 69
55, G, 23, 36
14, r, 42, 45
90, a, 6, 85
32, F, 66, 79
17, B, 68, 81
96, X, 79, 60
5, H, 33, 5
45, b, 12, 7
76, W, 87, 14
96, m, 9, 84
62, O, 4, 70
80, L, 45, 43
40, C, 77, 22
85, Q, 74, 24
64, D, 48, 3
30, A, 36, 23
14, w, 75, 30
80, T, 52, 80
52, X, 14, 30
4, J, 14, 65
76, w, 22, 78
2, e, 37, 34
57, v, 87, 54
50, G, 94, 86
93, I, 98, 7
62, T, 71, 6
82, V, 87, 17
34, F, 5, 88
3, S, 91, 91
82, q, 27, 7
78, e, 35, 69
22, l, 36, 47
68, w, 43, 78
91, z, 86, 80
7, p, 67, 82
89, t, 18, 96
74, H, 92, 43
63, e, 43, 23
1, W, 35, 33
4, W, 31, 99
95, n, 54, 14
94, v, 36, 28
10, R, 64, 44
0, G, 48, 66
1, T, 72, 53
73, f, 94, 58
84, R, 28, 65
84, V, 84, 87
36, V, 73, 0
82, S, 29, 89
74, m, 9, 40
98, m, 28, 9
43, P, 23, 5
71, R, 3, 64
48, y, 12, 3
58, k, 68, 3
36, g, 0, 14
57, Y, 38, 14
66, M, 62, 23
29, U, 46, 70
64, R, 45, 95
47, X, 5, 50
57, G, 29, 85
50, c, 35, 21
94, a, 56, 17
9, L, 60, 19
25, U, 83, 6
13, o, 58, 23
74, E, 60, 31
9, K, 1, 54
54, P, 82, 75
73, c, 30, 62
53, n, 96, 30
59, P, 25, 74
35, o, 86, 22
36, z, 88, 17
33, T, 6, 37
79, C, 66, 63
37, m, 95, 47
100, v, 16, 1
27, F, 80, 100
42, L, 47, 30
5, x, 26, 16
95, i, 68, 7
90, n, 80, 34
70, b, 63, 79
92, e, 11, 80
98, g, 33, 56
28, M, 74, 77
0, N, 74, 0
54, o, 99, 13
60, k, 78, 61
80, D, 88, 92
73, g, 57, 17
12, S, 81, 22
7, F, 48, 68
52, C, 71, 81
29, f, 53, 84
3, d, 55, 83
72, t, 85, 34
99, U, 91, 21
46, B, 81, 7
80, k, 92, 30
32, V, 25, 59
73, V, 40, 73
22, A, 65, 40
26, k, 61, 29
3, P, 47, 8
71, c, 50, 97
62, q, 19, 47
67, S, 33, 60
62, R, 35, 84
86, E, 74, 32
37, u, 60, 74
90, T, 58, 22
91, T, 61, 82
70, T, 97, 76
54, V, 45, 95
57, h, 8, 60
73, T, 34, 68
27, Y, 2, 8
70, p, 66, 64
70, a, 12, 81
100, k, 41, 68
21, q, 49, 11
36, G, 67, 26
74, P, 83, 10
51, S, 88, 85
55, B, 91, 41
46, k, 100, 37
6, x, 32, 88
73, x, 81, 37
27, P, 15, 78
95, B, 88, 89
75, J, 91, 11
68, r, 29, 87
34, F, 24, 3
100, g, 60, 11
28, w, 12, 9
32, i, 50, 79
1, k, 56, 98
12, U, 84, 53
99, e, 88, 75
8, G, 83, 18
31, d, 61, 39
57, f, 71, 32
35, R, 88, 14
57, Z, 66, 86
67, p, 89, 11
73, w, 86, 76
95, c, 78, 50
0, E, 94, 64
79, t, 45, 30
2, O, 17, 25
87, U, 15, 29
17, b, 71, 19
17, m, 65, 62
99, C, 6, 68
67, d, 58, 34
48, a, 74, 64
82, L, 11, 22
63, s, 83, 15
13, x, 4, 95
26, o, 19, 67
57, w, 64, 37
70, j, 25, 9
22, E, 95, 9
89, I, 5, 69
65, k, 87, 5
44, G, 96, 64
36, P, 43, 13
51, S, 53, 77
76, u, 35, 28
15, e, 53, 36
85, Y, 38, 45
20, f, 38, 46
74, U, 71, 94
95, s, 51, 36
63, h, 14, 25
95, E, 80, 46
13, w, 51, 91
4, j, 71, 18
18, B, 28, 2
30, x, 79, 95
59, L, 1, 31
33, R, 76, 33
56, G, 17, 73
50, b, 31, 42
38, U, 77, 43
8, i, 62, 59
64, Y, 0, 86
65, O, 14, 48
50, H, 8, 95
56, J, 22, 1
29, K, 18, 27
47, Y, 48, 60
49, L, 36, 32
47, B, 72, 70
3, n, 17, 21
79, u, 36, 64
56, G, 93, 89
37, p, 69, 35
21, b, 35, 88
96, Q, 75, 24
20, G, 22, 10
82, q, 41, 7
78, u, 49, 7
42, F, 96, 42
25, c, 5, 94
31, I, 2, 43
38, I, 25, 56
15, m, 19, 13
56, U, 73, 85
50, J, 71, 72
48, Y, 70, 19
81, T, 44, 26
42, Z, 50, 70
77, s, 66, 86
18, r, 30, 19
84, F, 86, 38
99, s, 35, 74
20, G, 98, 43
39, Y, 0, 88
39, d, 72, 47
30, d, 30, 47
16, X, 56, 10
85, s, 30, 41
1, i, 97, 31
26, E, 54, 84
53, Q, 81, 27
57, v, 30, 15
38, B, 2, 63
72, M, 59, 28
85, N, 74, 3
21, M, 62, 12
49, Y, 35, 63
98, w, 17, 43
98, i, 42, 1
86, d, 91, 70
15, n, 0, 25
35, j, 38, 36
79, A, 49, 48
69, x, 35, 20
75, U, 54, 77
9, Q, 7, 99
31, Y, 27, 4
73, x, 97, 56
95, k, 85, 3
38, X, 51, 16
75, A, 4, 92
89, U, 56, 27
1, i, 35, 6
36, J, 41, 25
14, x, 77, 62
28, Q, 49, 49
12, L, 91, 85
44, H, 94, 16
74, P, 14, 94
68, H, 10, 41
53, O, 90, 100
29, t, 74, 61
77, v, 86, 13
1, k, 25, 77
64, c, 6, 61
1, s, 81, 47
66, Z, 91, 41
53, N, 16, 70
12, r, 21, 85
2, C, 56, 47
36, j, 6, 93
31, E, 91, 73
9, e, 99, 92
24, r, 25, 32
60, X, 100, 58
3, F, 89, 16
27, P, 15, 72
42, W, 97, 93
30, D, 78, 39
67, e, 45, 35
88, z, 34, 37
70, N, 35, 87
43, Z, 11, 73
13, N, 81, 70
16, M, 79, 93
94, S, 83, 78
23, h, 16, 64
43, J, 89, 48
91, D, 51, 6
12, U, 7, 50
30, h, 18, 89
16, J, 67, 61
17, E, 87, 46
68, H, 40, 40
72, B, 34, 97
86, j, 10, 24
8, v, 77, 35
72, h, 40, 95
28, K, 67, 1
39, s, 0, 36
18, M, 25, 21
77, a, 60, 7
97, e, 46, 75
37, n, 89, 76
64, e, 89, 6
75, a, 55, 84
13, o, 60, 53
47, i, 68, 81
64, t, 56, 38
14, t, 31, 58
99, J, 80, 45
99, C, 33, 74
59, U, 24, 78
92, x, 20, 90
74, z, 60, 47
86, g, 83, 41
87, V, 21, 39
77, G, 48, 58
97, F, 26, 14
46, p, 46, 38
67, b, 53, 11
32, C, 93, 70
99, k, 31, 80
18, W, 64, 95
57, h, 99, 80
40, p, 57, 42
73, L, 65, 3
54, d, 47, 58
42, W, 38, 64
72, v, 16, 84
29, T, 89, 73
73, O, 97, 29
93, l, 46, 38
86, h, 38, 99
15, Z, 88, 57
64, d, 10, 12
78, M, 59, 47
56, Q, 79, 71
20, g, 14, 84
52, d, 47, 48
45, D, 68, 4
18, V, 88, 2
2, G, 71, 39
24, g, 53, 73
40, F, 46, 50
5, d, 91, 49
81, F, 0, 38
46, N, 41, 66
49, c, 6, 4
92, u, 94, 6
33, V, 97, 76
43, j, 2, 30
13, J, 67, 97
82, a, 89, 57
68, L, 36, 78
48, U, 81, 58
62, f, 26, 45
37, W, 47, 25
26, R, 71, 45
30, d, 86, 56
45, h, 8, 97
58, J, 74, 39
37, o, 38, 44
62, z, 75, 60
59, T, 99, 54
76, o, 69, 30
29, Y, 62, 99
94, N, 70, 68
96, K, 54, 81
24, K, 31, 27
10, P, 10, 76
74, T, 88, 33
23, l, 30, 40
80, i, 57, 31
53, a, 81, 54
16, A, 32, 68
30, h, 63, 21
3, I, 66, 83
0, g, 14, 31
25, O, 5, 55
8, Y, 93, 14
66, e, 88, 21
79, N, 28, 41
97, a, 50, 58
68, O, 4, 53
31, h, 81, 71
44, x, 6, 81
73, P, 51, 60
80, y, 44, 96
37, c, 75, 54
49, B, 14, 24
58, W, 58, 91
17, r, 67, 90
81, y, 76, 44
91, w, 80, 14
97, B, 78, 60
38, c, 89, 39
22, n, 76, 58
29, Q, 20, 63
43, Y, 54, 84
4, m, 60, 8
90, X, 39, 80
39, p, 24, 55
65, S, 45, 68
99, P, 73, 28
8, k, 29, 78
83, L, 83, 28
98, H, 10, 3
85, c, 33, 24
69, W, 36, 35
60, I, 49, 31
64, O, 99, 49
4, X, 0, 76
75, i, 63, 100
90, N, 55, 77
80, d, 72, 52
72, v, 56, 21
43, W, 83, 41
85, w, 9, 5
80, M, 10, 75
1, N, 51, 86
13, c, 57, 29
61, S, 89, 83
25, J, 43, 2
86, d, 54, 44
72, M, 3, 31
48, m, 39, 99
18, o, 78, 3
40, e, 22, 65
7, X, 41, 95
79, V, 75, 95
51, I, 58, 45
42, y, 92, 52
96, b, 32, 39
49, o, 6, 68
79, I, 67, 75
65, p, 83, 79
74, C, 21, 36
34, R, 4, 62
98, v, 76, 0
31, v, 51, 45
49, S, 84, 72
55, B, 53, 96
29, Y, 36, 61
97, d, 39, 26
80, i, 87, 55
85, w, 36, 64
3, B, 25, 16
60, q, 66, 4
85, f, 83, 14
2, S, 84, 1
12, y, 69, 96
48, C, 92, 79
55, X, 26, 27
45, B, 55, 36
8, M, 24, 38
81, t, 43, 42
10, u, 6, 41
92, g, 55, 84
87, F, 38, 80
52, R, 100, 62
48, R, 45, 27
98, f, 76, 60
2, I, 62, 58
9, Z, 88, 0
70, E, 2, 78
20, g, 94, 22
55, O, 89, 81
77, D, 33, 63
33, L, 4, 4
13, G, 8, 27
78, C, 47, 25
32, y, 21, 83
17, d, 0, 45
91, p, 23, 25
98, L, 15, 50
76, B, 40, 63
96, Z, 37, 49
96, U, 40, 30
49, B, 64, 3
60, R, 82, 91
88, x, 78, 56
66, k, 96, 30
40, D, 30, 29
62, f, 96, 74
76, L, 13, 28
25, X, 67, 4
57, s, 59, 21
56, Y, 95, 64
5, M, 14, 64
88, S, 23, 51
76, i, 25, 34
83, b, 69, 0
72, J, 80, 98
46, v, 53, 65
24, Q, 50, 76
80, O, 83, 37
80, K, 0, 38
69, r, 34, 92
19, H, 4, 81
17, a, 59, 69
36, I, 8, 85
27, y, 80, 35
1, Z, 95, 28
4, W, 59, 83
82, b, 50, 45
19, K, 24, 22
61, t, 59, 31
73, a, 56, 49
44, u, 93, 40
69, H, 69, 20
51, H, 24, 16
5, p, 56, 7
18, E, 89, 47
44, E, 32, 92
59, G, 30, 30
94, L, 50, 0
95, T, 23, 42
39, C, 82, 36
64, j, 29, 86
86, t, 3, 54
23, X, 29, 89
20, a, 60, 8
99, j, 6, 1
87, Y, 21, 30
31, f, 72, 8
1, v, 51, 46
40, k, 76, 30
52, j, 73, 73
60, T, 86, 20
91, u, 16, 22
41, s, 95, 10
72, z, 96, 75
83, B, 68, 45
32, y, 75, 50
2, A, 19, 17
60, p, 21, 96
30, K, 7, 94
13, K, 9, 16
78, H, 78, 74
3, X, 74, 22
18, a, 30, 85
34, J, 40, 18
19, N, 25, 18
9, t, 55, 100
25, p, 81, 100
85, w, 43, 67
18, P, 4, 24
53, L, 98, 81
53, T, 33, 92
97, N, 33, 32
34, r, 16, 95
86, c, 90, 96
50, S, 97, 46
12, R, 40, 55
49, b, 62, 100
74, y, 74, 60
79, Z, 45, 92
37, y, 56, 52
38, D, 8, 82
25, Q, 56, 94
99, W, 90, 77
43, d, 70, 11
98, s, 24, 42
96, G, 35, 92
76, m, 91, 91
3, b, 22, 38
15, U, 81, 12
31, N, 51, 93
86, c, 43, 0
56, x, 40, 82
33, U, 30, 16
98, T, 22, 100
72, P, 0, 67
79, t, 75, 38
5, M, 26, 37
79, m, 39, 16
59, s, 13, 14
14, X, 79, 95
94, T, 45, 48
75, B, 76, 0
40, R, 28, 68
54, L, 56, 68
0, g, 67, 16
7, m, 69, 97
83, u, 96, 56
35, n, 68, 57
73, E, 34, 89
45, A, 92, 77
12, q, 39, 98
77, L, 29, 63
73, i, 0, 47
75, o, 92, 77
4, W, 10, 74
66, M, 13, 86
41, L, 31, 82
16, q, 42, 52
16, Y, 33, 16
68, K, 69, 66
28, I, 34, 33
88, L, 79, 36
56, U, 42, 92
8, T, 23, 45
30, Y, 37, 19
45, R, 19, 12
67, l, 39, 61
40, x, 90, 62
58, l, 8, 40
30, m, 49, 86
53, X, 29, 95
87, k, 33, 17
62, d, 90, 11
21, o, 38, 65
67, o, 57, 42
14, E, 17, 56
67, S, 43, 34
79, B, 15, 42
23, F, 15, 23
58, k, 20, 95
17, f, 26, 64
91, U, 100, 50
32, P, 14, 79
90, g, 96, 94
0, c, 22, 98
18, k, 76, 47
23, S, 22, 3
53, w, 69, 70
69, y, 13, 66
92, V, 84, 69
94, A, 60, 100
91, p, 92, 72
77, Z, 42, 0
76, M, 22, 51
66, a, 54, 43
94, B, 52, 82
75, k, 87, 22
82, r, 2, 47
96, O, 15, 31
71, b, 8, 97
19, I, 16, 77
63, I, 86, 66
82, H, 72, 86
71, h, 85, 35
63, B, 35, 69
99, m, 85, 71
62, R, 79, 40
24, R, 29, 28
7, H, 93, 6
98, Z, 91, 2
5, x, 80, 26
59, i, 28, 49
0, z, 95, 5
6, R, 90, 46
24, J, 76, 34
86, W, 41, 83
18, P, 63, 89
83, d, 13, 16
62, I, 8, 93
62, k, 38, 69
18, l, 89, 82
98, E, 26, 48
52, x, 85, 12
49, l, 19, 8
24, i, 67, 54
81, M, 18, 47
72, t, 10, 1
68, Z, 45, 9
32, N, 54, 32
86, M, 69, 48
68, o, 91, 23
81, i, 100, 77
63, u, 42, 80
18, x, 18, 90
37, W, 0, 95
24, S, 14, 96
33, e, 57, 99
80, n, 90, 24
73, q, 94, 72
77, n, 0, 4
37, v, 84, 83
47, W, 64, 90
97, L, 24, 18
13, u, 87, 4
86, p, 4, 3
44, H, 84, 69
82, W, 93, 4
57, v, 13, 66
21, B, 76, 13
57, X, 26, 46
96, d, 22, 71
99, q, 84, 48
53, U, 5, 13
47, v, 49, 71
92, U, 31, 99
94, D, 8, 48
74, R, 11, 25
63, Y, 28, 25
99, N, 13, 43
45, T, 28, 79
25, C, 8, 99
14, F, 97, 10
80, G, 52, 58
35, l, 79, 98
83, P, 71, 5
44, a, 49, 15
5, d, 59, 18
28, w, 76, 14
85, s, 3, 76
100, z, 42, 63
96, u, 86, 1
80, P, 49, 58
96, U, 83, 35
22, c, 22, 6
12, w, 8, 83
59, w, 1, 74
51, d, 29, 75
82, o, 41, 48
0, R, 18, 73
84, r, 25, 61
32, o, 75, 12
47, k, 8, 3
24, Z, 72, 82
95, w, 19, 27
27, W, 56, 19
95, l, 85, 33
77, W, 100, 1
67, Z, 77, 19
11, N, 2, 60
67, L, 73, 50
53, u, 83, 5
12, J, 31, 36
45, L, 68, 100
90, x, 94, 36
80, K, 4, 62
99, w, 84, 32
27, D, 17, 78
70, l, 7, 36
73, E, 82, 89
14, l, 52, 20
96, g, 30, 22
83, r, 98, 56
90, N, 89, 27
74, w, 42, 47
73, c, 27, 90
21, a, 55, 14
84, E, 7, 47
73, E, 19, 43
52, X, 49, 100
47, S, 60, 0
9, W, 13, 71
31, B, 31, 45
96, u, 87, 80
69, O, 9, 16
82, o, 75, 98
23, j, 26, 74
78, q, 28, 83
48, h, 96, 36
50, S, 18, 79
15, f, 98, 22
78, S, 99, 50
70, K, 65, 91
18, G, 23, 62
56, w, 94, 95
37, f, 65, 48
91, k, 61, 81
13, X, 68, 82
87, M, 2, 17
19, l, 38, 89
39, E, 45, 52
48, F, 28, 74
84, x, 73, 36
33, U, 93, 80
23, l, 79, 21
12, x, 1, 49
60, G, 37, 26
91, c, 67, 41
97, O, 30, 74
17, Y, 68, 54
44, N, 12, 97
38, c, 33, 54
55, R, 61, 99
28, E, 21, 14
62, R, 90, 70
81, I, 52, 73
48, X, 17, 15
53, z, 9, 3
92, E, 55, 30
63, p, 64, 13
38, D, 56, 34
61, A, 87, 1
70, n, 60, 3
47, N, 72, 70
80, H, 8, 41
31, x, 71, 1
76, M, 79, 38
36, i, 7, 14
58, z, 93, 17
79, p, 56, 62
21, v, 72, 98
2, e, 41, 93
97, a, 9, 13
34, I, 83, 26
78, N, 21, 26
36, b, 39, 5
11, O, 55, 26
62, P, 36, 74
68, D, 1, 96
76, l, 49, 74
44, Q, 72, 38
83, i, 60, 15
46, b, 8, 58
11, c, 42, 93
56, K, 11, 91
65, m, 6, 46
53, n, 96, 89
72, P, 71, 73
21, J, 60, 58
75, E, 24, 88
58, r, 73, 34
36, f, 87, 0
18, g, 60, 65
73, p, 47, 84
39, z, 83, 7
67, D, 21, 72
71, E, 6, 91
29, J, 17, 75
9, T, 21, 60
97, i, 87, 88
69, A, 94, 55
18, R, 66, 62
65, b, 14, 59
53, p, 86, 89
78, Q, 25, 59
90, w, 53, 58
51, u, 39, 1
81, C, 37, 97
24, w, 54, 38
88, e, 18, 14
1, u, 28, 55
33, u, 14, 50
50, S, 13, 80
80, R, 48, 94
0, R, 29, 16
64, U, 0, 71
83, V, 5, 0
98, U, 21, 77
82, j, 65, 66
85, z, 98, 40
19, l, 68, 87
0, f, 14, 65
23, L, 92, 19
28, a, 31, 23
98, d, 79, 22
53, x, 6, 54
1, s, 23, 83
53, J, 41, 40
23, z, 36, 91
6, S, 89, 30
75, I, 76, 70
71, C, 13, 89
49, u, 36, 50
6, r, 61, 19
84, m, 11, 98
16, R, 0, 21
71, X, 54, 57
38, j, 76, 61
66, J, 11, 100
28, b, 68, 8
62, U, 6, 20
81, q, 88, 65
75, b, 20, 20
46, m, 58, 58
2, u, 83, 89
94, b, 39, 10
89, J, 36, 13
44, i, 73, 20
46, R, 67, 48
1, u, 97, 9
69, F, 25, 51
59, S, 97, 74
69, j, 65, 69
97, j, 46, 39
88, d, 11, 25
83, e, 34, 98
89, E, 63, 63
12, Y, 64, 16
98, A, 8, 79
93, d, 77, 64
2, t, 46, 30
61, l, 99, 14
9, D, 89, 24
23, c, 18, 45
25, K, 49, 45
10, C, 47, 70
35, e, 31, 97
13, J, 12, 29
65, N, 77, 57
8, J, 39, 71
54, q, 53, 43
71, V, 91, 4
51, T, 47, 97
36, Z, 66, 71
97, j, 91, 56
7, K, 96, 45
40, j, 13, 86
94, Q, 36, 50
75, U, 99, 92
86, P, 61, 11
62, K, 68, 73
100, D, 12, 94
65, i, 66, 78
66, J, 91, 46
70, a, 62, 23
2, g, 51, 74
39, g, 6, 12
15, G, 28, 7
71, P, 62, 62
40, I, 63, 7
80, p, 8, 70
2, V, 16, 50
81, k, 7, 39
96, l, 20, 55
73, n, 92, 22
15, J, 21, 52
70, V, 91, 99
14, C, 15, 48
67, y, 48, 53
71, V, 57, 77
90, j, 62, 23
58, N, 68, 78
5, G, 46, 15
91, k, 58, 6
92, P, 76, 80
82, p, 22, 98
42, w, 27, 100
2, Y, 36, 45
1, P, 31, 47
23, G, 70, 93
93, L, 47, 58
14, o, 26, 97
35, W, 3, 58
46, P, 62, 64
85, e, 16, 31
7, D, 43, 72
21, H, 84, 77
84, H, 0, 17
58, y, 48, 66
40, n, 61, 53
73, g, 62, 25
52, t, 62, 91
86, c, 30, 12
99, s, 26, 98
49, G, 4, 69
9, n, 72, 27
71, A, 35, 36
54, p, 62, 32
92, x, 24, 68
62, f, 20, 27
77, T, 49, 48
82, l, 78, 95
24, G, 53, 31
19, R, 41, 0
19, E, 93, 4
13, z, 88, 65
27, W, 75, 44
20, F, 82, 10
79, n, 3, 53
32, k, 6, 13
57, v, 13, 96
6, B, 54, 99
72, G, 86, 81
80, e, 59, 31
10, K, 68, 55
42, X, 76, 29
76, e, 84, 21
24, w, 55, 53
60, h, 59, 6
77, j, 94, 21
31, p, 3, 85
42, L, 40, 75
17, c, 52, 48
37, C, 56, 38
5, u, 18, 38
81, W, 55, 13
80, E, 57, 69
72, r, 16, 13
35, t, 63, 97
61, u, 39, 41
98, O, 59, 16
77, y, 41, 28
69, g, 15, 61
45, H, 25, 94
92, s, 68, 28
71, D, 43, 40
49, O, 57, 38
26, p, 70, 64
18, j, 98, 63
74, L, 33, 44
12, P, 76, 56
11, q, 9, 1
79, f, 41, 45
18, R, 50, 41
50, L, 0, 93
67, x, 59, 22
13, z, 59, 56
30, i, 93, 5
15, T, 75, 6
100, O, 5, 2
31, G, 94, 57
5, i, 42, 45
80, e, 100, 90
85, S, 68, 69
56, i, 4, 71
10, B, 4, 55
81, O, 25, 16
71, U, 96, 2
18, I, 30, 100
82, p, 57, 14
100, i, 29, 6
82, t, 73, 61
51, h, 91, 13
96, I, 43, 76
84, o, 91, 5
5, B, 51, 8
74, e, 62, 24
14, u, 31, 93
74, L, 47, 43
42, e, 7, 90
33, U, 76, 67
66, V, 52, 44
59, l, 45, 77
98, y, 37, 76
36, R, 66, 79
45, m, 5, 40
56, X, 97, 26
40, r, 48, 22
73, x, 54, 70
87, R, 24, 20
35, D, 86, 55
7, p, 15, 82
41, D, 12, 75
74, h, 84, 29
3, I, 99, 31
9, l, 77, 95
33, L, 28, 63
45, L, 41, 99
25, a, 15, 24
69, Z, 15, 22
35, B, 17, 4
61, H, 27, 6
6, v, 66, 86
1, D, 37, 14
31, y, 50, 21
5, g, 65, 25
10, t, 58, 81
23, R, 38, 42
94, i, 90, 53
78, o, 75, 16
19, r, 29, 86
86, W, 21, 98
28, G, 45, 83
32, w, 21, 35
9, n, 38, 23
97, e, 69, 4
66, n, 11, 67
66, Q, 45, 1
53, Z, 0, 24
25, l, 63, 30
24, N, 87, 85
57, R, 46, 86
15, h, 52, 99
12, v, 60, 67
32, h, 0, 81
40, p, 100, 81
6, J, 26, 37
50, G, 4, 41
35, s, 10, 73
55, x, 13, 37
75, a, 98, 88
53, r, 100, 19
55, b, 68, 41
10, H, 27, 54
22, R, 86, 44
37, g, 48, 20
23, u, 43, 28
23, z, 15, 89
80, k, 2, 85
23, w, 5, 48
43, v, 56, 5
41, g, 89, 52
6, g, 6, 6
42, o, 7, 25
4, f, 29, 54
24, N, 37, 43
70, k, 72, 79
82, S, 27, 16
27, j, 65, 14
73, m, 4, 82
35, s, 64, 16
39, h, 63, 53
39, A, 36, 61
72, W, 41, 9
70, b, 50, 23
65, A, 70, 21
24, G, 14, 89
85, Q, 60, 56
12, N, 0, 12
17, R, 55, 45
94, r, 39, 71
5, Q, 54, 65
55, D, 26, 7
1, n, 12, 34
64, r, 32, 86
93, k, 74, 94
16, a, 52, 90
13, n, 53, 85
65, k, 21, 57
63, j, 43, 100
23, H, 4, 6
67, L, 58, 98
79, d, 94, 75
55, w, 0, 2
24, M, 27, 44
47, z, 37, 2
65, L, 14, 4
21, l, 0, 15
100, O, 32, 97
36, D, 18, 10
34, G, 99, 93
89, r, 5, 74
9, H, 38, 91
18, H, 91, 60
75, u, 88, 35
90, U, 57, 55
26, f, 58, 25
65, d, 55, 100
95, z, 84, 80
62, C, 66, 29
76, S, 56, 33
9, y, 95, 93
47, A, 59, 87
33, Z, 22, 75
70, T, 23, 22
24, w, 34, 71
33, L, 16, 76
21, p, 59, 96
49, d, 17, 59
83, f, 56, 58
86, n, 92, 85
31, v, 50, 99
92, u, 82, 53
89, p, 88, 12
50, k, 5, 80
9, s, 85, 75
7, y, 10, 25
15, b, 17, 24
93, K, 68, 21
79, v, 25, 81
15, O, 15, 92
73, p, 22, 89
84, C, 69, 69
87, r, 84, 35
34, W, 22, 9
29, M, 18, 6
10, m, 7, 23
74, R, 31, 29
32, a, 63, 23
50, O, 76, 57
40, y, 76, 22
11, B, 77, 3
0, a, 1, 20
0, u, 46, 86
64, g, 12, 37
19, J, 19, 61
46, D, 24, 11
97, u, 100, 20
84, p, 48, 93
64, X, 47, 45
7, B, 12, 11
10, N, 76, 88
88, v, 37, 79
65, R, 34, 26
65, O, 11, 19
93, e, 62, 96
52, X, 15, 82
41, i, 0, 0
74, v, 51, 29
44, y, 79, 36
47, y, 63, 1
71, l, 58, 6
77, a, 70, 76
29, w, 91, 21
21, S, 40, 38
38, w, 21, 69
91, N, 54, 51
4, l, 57, 64
83, p, 77, 13
10, S, 65, 45
68, M, 16, 46
36, H, 22, 38
34, x, 56, 80
41, U, 57, 93
35, a, 74, 78
92, G, 28, 49
47, E, 80, 83
98, D, 5, 21
92, f, 60, 45
44, B, 54, 60
17, S, 20, 45
42, s, 62, 45
32, w, 93, 6
97, m, 69, 70
27, b, 8, 46
25, o, 92, 46
27, C, 63, 9
38, Z, 99, 81
34, p, 70, 85
54, O, 52, 67
39, F, 13, 51
81, J, 79, 41
15, X, 11, 27
34, c, 82, 41
30, I, 47, 88
92, P, 98, 35
39, a, 76, 36
38, g, 71, 93
22, F, 76, 33
2, M, 91, 14
37, h, 84, 48
39, V, 97, 59
18, M, 26, 54
51, B, 88, 56
99, H, 83, 16
15, l, 0, 59
6, u, 19, 26
25, h, 67, 72
71, M, 66, 43
79, m, 49, 35
42, X, 42, 53
92, f, 88, 95
48, z, 22, 26
68, i, 46, 12
5, x, 94, 16
16, G, 74, 60
29, E, 30, 78
80, K, 96, 7
77, u, 75, 44
66, F, 16, 39
88, k, 53, 29
68, d, 36, 73
77, l, 14, 33
65, A, 71, 14
92, F, 75, 18
0, Y, 53, 11
3, t, 22, 26
72, J, 67, 79
58, u, 86, 98
64, H, 7, 13
51, P, 38, 89
100, A, 84, 45
11, v, 95, 80
20, t, 8, 55
66, G, 79, 94
5, Q, 35, 39
36, a, 96, 0
74, I, 25, 10
66, F, 5, 90
97, p, 77, 36
46, b, 58, 63
92, v, 14, 65
22, f, 60, 58
21, x, 67, 1
22, a, 16, 37
4, s, 82, 66
85, M, 48, 10
36, j, 66, 12
13, m, 13, 6
96, r, 62, 52
78, Q, 73, 15
94, U, 0, 71
6, O, 98, 82
37, U, 97, 94
23, O, 92, 31
18, I, 60, 71
88, Y, 89, 76
31, I, 10, 9
92, B, 56, 44
68, o, 28, 24
79, u, 41, 93
50, g, 51, 85
86, k, 24, 34
88, r, 90, 28
67, G, 14, 51
92, Q, 20, 15
52, y, 30, 99
67, P, 70, 72
59, d, 64, 65
20, T, 42, 38
89, Q, 97, 80
97, B, 12, 67
55, s, 0, 55
21, j, 79, 95
10, l, 91, 59
52, D, 47, 98
2, k, 5, 57
73, M, 45, 74
27, W, 70, 67
93, L, 2, 45
56, w, 71, 26
51, K, 81, 45
75, K, 48, 66
91, M, 37, 64
81, i, 78, 69
66, D, 72, 55
72, F, 2, 100
9, I, 56, 77
32, z, 70, 50
97, B, 17, 1
45, p, 4, 40
42, R, 40, 1
86, I, 90, 88
37, C, 10, 13
78, b, 47, 97
22, v, 90, 36
19, o, 55, 7
38, J, 73, 41
87, Z, 93, 32
96, O, 65, 81
76, m, 82, 68
89, r, 52, 12
43, M, 19, 9
40, G, 44, 80
58, O, 14, 41
10, v, 54, 78
85, g, 11, 57
23, w, 74, 19
52, i, 96, 54
45, M, 46, 14
96, w, 75, 28
35, o, 69, 66
68, b, 6, 39
79, e, 100, 65
64, h, 56, 99
24, T, 35, 44
98, A, 91, 53
48, m, 4, 3
98, T, 27, 87
32, N, 58, 95
22, N, 56, 27
89, g, 99, 49
62, t, 13, 67
55, J, 9, 26
8, S, 25, 42
67, d, 33, 4
81, l, 28, 44
98, F, 21, 84
6, g, 6, 24
47, m, 4, 53
94, F, 77, 27
43, c, 55, 8
12, a, 56, 15
12, Y, 72, 12
50, j, 94, 27
76, X, 13, 56
99, B, 79, 7
83, R, 82, 89
71, k, 18, 85
87, P, 89, 71
16, o, 31, 45
42, t, 82, 89
95, v, 20, 12
72, J, 47, 43
40, C, 4, 3
73, C, 89, 50
18, R, 0, 51
99, Y, 40, 16
86, F, 43, 85
44, l, 52, 29
85, l, 34, 38
57, Z, 29, 39
55, f, 97, 70
41, f, 84, 37
83, X, 69, 85
47, p, 11, 42
97, o, 60, 78
0, F, 15, 66
3, a, 64, 22
16, l, 29, 5
47, I, 89, 31
82, G, 36, 19
15, O, 78, 23
97, u, 35, 87
31, L, 60, 88
90, R, 64, 53
81, g, 65, 44
33, q, 62, 90
78, r, 27, 65
87, a, 65, 38
38, H, 90, 4
1, n, 63, 11
58, N, 63, 23
98, I, 44, 2
11, z, 41, 10
2, U, 56, 17
98, m, 71, 71
98, V, 49, 6
4, e, 20, 70
88, l, 93, 79
74, Y, 23, 20
90, X, 56, 92
0, J, 46, 91
30, J, 27, 64
3, X, 68, 35
8, H, 43, 3
11, i, 48, 99
87, O, 80, 89
46, B, 62, 32
30, f, 100, 100
7, c, 45, 90
96, g, 32, 71
95, A, 8, 100
72, N, 94, 59
64, w, 14, 81
74, m, 35, 43
80, S, 80, 38
54, G, 39, 38
56, e, 100, 3
88, d, 38, 78
26, j, 20, 90
19, a, 91, 70
96, i, 10, 48
34, J, 70, 73
0, m, 91, 16
91, T, 18, 73
42, E, 20, 55
29, o, 68, 86
57, Y, 87, 5
9, p, 77, 19
35, E, 3, 56
85, Z, 9, 68
30, B, 19, 8
10, v, 56, 22
13, b, 70, 13
55, N, 73, 60
38, o, 80, 12
75, y, 52, 17
87, t, 28, 23
41, s, 58, 56
32, V, 25, 3
97, V, 84, 2
92, S, 5, 30
29, e, 31, 5
99, m, 88, 20
19, q, 50, 42
69, h, 91, 62
42, b, 7, 44
13, v, 92, 32
82, x, 6, 20
84, L, 22, 92
49, q, 20, 31
42, y, 45, 45
28, N, 10, 69
91, X, 9, 97
43, v, 47, 64
56, Q, 46, 8
96, i, 61, 64
77, w, 0, 9
91, b, 32, 19
36, s, 4, 16
14, o, 61, 59
37, d, 5, 12
34, M, 6, 51
53, M, 65, 76
49, C, 65, 39
86, T, 66, 74
93, e, 51, 13
36, p, 31, 2
53, T, 77, 62
37, w, 79, 75
39, v, 60, 44
57, t, 37, 92
75, X, 58, 10
52, B, 46, 24
17, h, 4, 51
37, u, 21, 85
68, U, 45, 73
82, p, 92, 66
100, k, 2, 74
40, q, 28, 6
64, C, 38, 61
81, a, 91, 62
36, A, 77, 68
78, h, 29, 4
43, x, 8, 91
55, D, 18, 64
60, m, 7, 82
91, I, 32, 59
12, Q, 68, 71
99, E, 77, 4
93, f, 81, 2
87, e, 61, 72
47, q, 70, 71
93, k, 7, 40
63, N, 95, 44
27, D, 44, 0
9, W, 41, 25
95, H, 23, 93
59, w, 25, 69
67, l, 70, 83
64, w, 55, 61
23, x, 76, 24
91, c, 88, 46
1, v, 36, 29
30, V, 22, 43
8, w, 30, 18
15, z, 81, 2
30, V, 14, 79
53, l, 95, 92
3, n, 100, 85
13, Z, 95, 83
15, f, 45, 11
22, j, 16, 73
87, h, 53, 54
77, j, 98, 24
19, n, 20, 28
52, z, 53, 12
29, y, 100, 60
93, R, 89, 89
5, r, 6, 75
40, I, 94, 87
20, W, 80, 49
91, R, 64, 26
18, O, 29, 55
70, r, 62, 55
82, A, 57, 8
5, n, 24, 7
89, p, 62, 20
37, j, 68, 69
57, J, 77, 16
12, G, 19, 64
71, K, 77, 95
23, h, 39, 42
3, r, 16, 86
30, f, 30, 14
21, S, 32, 15
53, Q, 55, 64
95, j, 31, 7
17, n, 86, 61
72, r, 78, 20
98, J, 44, 96
81, p, 94, 80
35, y, 37, 78
89, p, 96, 82
93, N, 82, 1
55, x, 40, 65
95, A, 55, 17
67, l, 39, 1
39, P, 13, 46
5, G, 100, 17
82, K, 80, 13
55, s, 49, 82
43, g, 4, 91
86, u, 84, 94
71, H, 47, 81
45, q, 67, 29
37, e, 23, 35
68, T, 13, 0
39, L, 35, 80
14, b, 37, 86
83, c, 11, 72
0, O, 6, 96
64, Q, 61, 13
55, Q, 82, 90
93, G, 85, 28
39, i, 61, 83
38, b, 25, 59
75, X, 19, 22
21, K, 97, 5
37, j, 79, 74
16, G, 50, 14
8, G, 2, 34
13, q, 59, 3
11, e, 8, 69
86, d, 82, 22
83, S, 99, 95
69, s, 28, 69
12, Y, 8, 15
74, K, 84, 57
64, n, 23, 85
83, l, 17, 37
36, j, 92, 100
40, f, 97, 62
10, v, 42, 51
88, c, 53, 67
52, m, 16, 34
27, y, 55, 66
80, a, 47, 68
55, C, 37, 44
34, w, 2, 7
1, z, 9, 98
81, p, 28, 55
1, b, 83, 19
16, n, 21, 29
65, l, 81, 22
39, F, 51, 95
49, D, 80, 57
34, T, 82, 83
92, q, 48, 0
4, a, 77, 47
55, G, 95, 68
62, u, 12, 4
91, P, 37, 17
68, V, 21, 54
83, c, 13, 17
19, p, 49, 45
62, b, 87, 92
80, j, 97, 26
15, e, 81, 65
49, l, 46, 65
100, d, 32, 29
38, s, 56, 67
52, f, 75, 65
36, s, 44, 4
17, U, 79, 96
16, X, 87, 26
28, m, 81, 27
47, F, 81, 56
99, O, 34, 54
80, w, 63, 59
5, w, 36, 26
31, C, 35, 32
67, S, 13, 18
57, E, 59, 19
44, A, 51, 76
0, F, 95, 73
94, n, 0, 99
47, X, 54, 96
8, V, 46, 58
38, N, 14, 0
57, B, 31, 49
88, P, 5, 79
25, e, 24, 16
63, p, 52, 76
10, b, 28, 3
99, a, 57, 71
34, A, 0, 79
64, W, 64, 81
43, M, 35, 69
50, C, 8, 33
20, X, 31, 50
18, f, 98, 10
39, l, 22, 30
100, A, 86, 87
25, h, 90, 58
18, l, 99, 14
76, F, 26, 71
18, R, 39, 54
55, J, 99, 24
50, M, 94, 9
24, Y, 6, 80
69, s, 40, 45
76, z, 75, 81
72, F, 79, 45
46, K, 33, 45
44, B, 51, 68
98, H, 19, 18
84, U, 35, 11
30, l, 35, 57
39, x, 27, 42
31, F, 35, 25
10, G, 44, 82
49, v, 33, 10
43, r, 59, 51
40, v, 75, 22
31, T, 81, 32
19, u, 75, 63
38, k, 35, 70
45, f, 92, 79
69, h, 77, 24
83, j, 37, 96
23, R, 3, 8
14, U, 82, 75
60, W, 92, 90
96, v, 54, 67
27, p, 79, 86
12, L, 25, 90
64, K, 63, 73
47, d, 100, 13
73, y, 46, 76
18, S, 98, 6
23, u, 67, 11
46, C, 83, 92
50, e, 74, 39
16, X, 50, 30
7, a, 25, 47
76, j, 46, 57
83, I, 56, 57
5, n, 99, 25
88, G, 24, 61
82, C, 22, 16
25, x, 46, 26
85, Q, 12, 53
87, z, 8, 73
51, k, 83, 1
21, R, 86, 9
64, H, 55, 32
62, P, 69, 43
62, d, 87, 13
79, d, 91, 24
3, c, 49, 51
11, z, 0, 49
4, t, 22, 52
20, h, 45, 60
11, H, 8, 96
96, e, 21, 43
58, I, 44, 22
12, h, 88, 98
39, k, 14, 5
63, t, 75, 70
37, v, 36, 0
90, l, 45, 85
14, i, 69, 84
49, o, 57, 58
92, d, 88, 48
71, Q, 29, 50
27, Y, 15, 74
49, x, 99, 55
37, o, 2, 98
45, f, 49, 55
97, f, 60, 45
5, b, 27, 54
0, a, 48, 14
81, Q, 52, 83
64, O, 62, 87
42, Z, 34, 57
86, g, 47, 84
